PIDN,Ca,P,pH,SOC,Sand
09gt9UK5,-0.62257,-0.22975,-1.1193,-0.62795,0.99984
0BVvxJ6a,0.3106,0.0055826,0.65032,0.21717,-0.77186
0KbdgApg,-0.062083,-0.19113,-0.063713,0.068081,-0.94729
0MnuuduB,-0.3571,0.11505,-0.49944,0.58745,-0.90934
0PcIsF9z,-0.17328,-0.29186,-1.013,-0.055582,-0.25978
0ShTFLYJ,-0.44365,-0.44013,-0.62409,-0.88505,0.062676
0XZh9jka,-0.41228,0.25586,-0.61644,0.73886,-0.99153
0Y7Wegri,-0.22261,0.054964,0.5019,-0.071535,0.60745
0dTqplIM,0.041651,0.015016,0.26249,0.30303,-0.99029
0lNiZicC,-0.29759,-0.1503,-0.7672,-0.49527,-0.30256
0rGeJ0QN,-0.43488,0.058188,-0.40485,0.28679,0.15251
0sXI9ytQ,-0.51316,0.078309,-0.45587,-0.80944,1.6259
0ukt4aP6,0.71147,0.39759,1.3849,-0.64074,0.071841
1AGspb8f,-0.39889,-0.8811,-1.4178,0.60366,-0.95221
1Csy0gvE,-0.46215,-0.1893,-0.35337,-0.633,0.60411
1Ic2hly1,-0.36522,0.32591,0.11589,-0.19096,0.37829
1PPbaTwt,-0.14065,-0.34234,-0.21872,-0.57973,0.17751
1SO5VJNy,-0.32204,-0.10769,0.060816,-0.50133,0.75878
1arHxK3Y,1.1995,0.73635,1.2752,0.47766,-0.61567
1fCW4Bba,-0.37242,0.13621,0.17873,-0.254,0.34936
1qDZNvIm,-0.52608,0.0017639,-0.32897,-0.74368,1.2809
28LYJC2V,-0.49388,-0.2538,-0.92123,0.77305,-0.30492
2CzACvQq,0.61975,0.42753,1.381,-0.5047,-0.61937
2FT3crfv,-0.37639,-0.015309,-0.33786,0.14029,-0.76406
2Fy2uHVg,-0.50957,-0.22156,-0.47109,-0.54048,-0.32329
2MkMEApm,-0.38105,0.26442,0.14973,-0.62631,0.63814
2NDGWEOe,0.50908,1.2959,1.7592,-0.56675,-0.41937
2NyyCiqn,-0.42323,-0.16278,-0.11725,-0.32945,0.54785
2QRzIb84,0.66671,0.91733,2.1763,-0.29723,0.091382
2QcbdrUZ,-0.31794,-0.13431,-0.027893,-0.26876,0.4173
2YgAimWK,-0.30516,0.24786,0.38857,-0.63518,0.56973
2cx85d9H,0.32675,-0.45688,0.0024648,0.15422,-1.033
2homMXMV,-0.21226,0.2225,-0.67533,0.087338,0.36706
2ldLrUtq,-0.38648,-0.50873,-0.34388,-0.53448,-0.37192
2nsACW6G,-0.13044,-0.36704,-0.65698,1.3424,-0.86624
2yMbVnWc,0.10353,0.25057,-1.0591,1.7104,0.13009
36r8sgGQ,-0.41219,-0.16937,-0.17679,-0.79299,0.81682
3NXAXCl3,-0.33441,-0.48598,-0.76231,0.35246,-1.1249
3QG0z6fl,-0.42447,-0.38797,-0.76226,-0.50227,0.049883
3WS8R9qm,-0.26992,-0.22667,-0.63007,1.8471,-1.2403
3fRLm8f5,-0.44562,-0.24346,-1.0756,0.11985,0.63541
3mZhp1nQ,-0.54834,-0.1856,-0.4037,-0.50003,0.45134
3pikJXRL,-0.36932,-0.14869,-0.73131,0.47769,-1.004
3pxOEGHL,-0.57694,-0.31911,-0.48974,-0.68113,0.76258
3ttdV3f5,-0.38102,-0.13939,-0.27799,-0.3608,-0.54477
3v4X6Mfe,0.71739,0.30031,1.4792,-0.59925,0.069216
3wORuPiv,-0.5687,-0.40542,-0.68296,-0.3811,-0.79954
43EfrxZj,0.060901,0.11755,0.018483,0.56758,-0.60109
457Vwm21,0.058971,0.12734,0.58037,0.34799,-0.18539
46KNnOdx,-0.30219,0.24901,-1.3937,0.065105,0.045135
47TwNsVC,-0.33302,-0.40515,-1.0339,0.73012,-1.2224
49856RpO,-0.48375,-0.34974,-0.74373,-0.53682,-0.91772
4Ane1o2N,-0.46958,-0.68038,-0.51563,-0.48567,-0.060372
4AyVUgSc,-0.40317,-0.36011,-0.64516,-0.60796,-0.48589
4B1951On,-0.15425,0.081577,-0.10055,-0.37507,-0.0015113
4OL39Teo,0.0010322,0.67097,0.014444,0.62296,-0.39098
4eQ90eLY,-0.24054,-0.025122,-0.20694,0.45225,-0.50376
4o5jwMj8,-0.39166,-0.25686,-0.34095,-0.67312,0.29706
4vPgpl2c,-0.24847,-0.36756,-0.39507,-0.5219,0.64168
51r9aA0d,-0.46711,-0.34526,-0.53107,-0.74891,-0.59897
58SmeRoP,0.012359,-0.26287,-0.20169,0.074215,-0.38192
5HJp1AXn,-0.48599,-0.068591,-0.65293,0.83728,-0.21835
5MBZW7fx,-0.17025,0.19942,1.0695,-0.53211,-0.089949
5Nq3gHaP,0.32842,1.2577,0.32937,1.1554,-0.3355
5RmwFFK3,0.84753,0.56141,0.47226,0.35821,-1.1035
5Tu5Jbov,-0.61104,0.0080412,-0.7047,-0.31196,-0.40341
5YEolkev,-0.47613,-0.4849,-0.18326,-0.61447,-0.46572
5a8sf6QV,0.040096,-0.17408,0.3875,0.022656,-0.85307
5eSvmqYm,-0.39708,-0.23649,-0.27747,-0.49381,-0.31787
5hkN8fiv,-0.27388,-0.39146,-0.90075,0.76777,-1.0814
5oK8Gti5,-0.66164,-0.2272,-0.46241,-0.62376,1.3901
5paniGaU,-0.59142,0.042396,-0.86612,-0.78056,1.5005
5vsr7ZUP,0.6694,-0.22395,0.99095,-0.20332,-0.74123
60B4xMWI,-0.39705,0.36445,1.2758,-0.98785,0.63685
64jOUtKy,0.34812,0.73403,0.19796,1.7566,-0.88602
6AJo4xNG,-0.059882,0.2422,0.06958,0.16551,0.019443
6CAvhEte,-0.20581,-0.23779,-0.61136,-0.41167,0.18267
6CuGYjT5,2.4739,-0.19108,1.8374,0.64054,-1.2512
6DGH8ujZ,-0.28039,-0.25822,-1.0186,0.14109,-0.65335
6PzsGdVm,-0.22287,-0.34944,-0.81876,0.37669,-0.71401
6UcSJMbq,0.15273,0.32887,0.92685,-0.91832,0.094202
6WJbkH8U,1.0673,-0.13096,1.5227,-0.29006,-0.91042
6eUWsVzw,0.18697,-0.19432,0.88199,-0.087393,-0.60611
6gNyO7Do,0.23261,-0.24585,0.15348,0.29392,-0.91514
6jT0AyHe,-0.17188,-0.34602,0.1871,0.31751,-1.016
6nBgCvWu,-0.40616,-0.12187,-0.075932,-0.36372,0.86544
6ro5mqg6,-0.47005,-0.28964,-0.3204,-0.32691,0.33607
6sGqObX4,-0.67065,-0.32591,-0.6481,-0.27936,-0.45076
6uEGy0n4,1.7126,0.020426,1.9165,-0.15987,-0.98519
7BZ4LxP8,-0.063335,-0.40228,0.23784,-0.1704,-0.68347
7CmigXKi,-0.32969,-0.10001,-0.71438,-0.53005,0.0097692
7Ga0LpfR,1.0725,1.4533,0.012055,2.24,-1.0169
7PQsFvsG,-0.29715,-0.28061,-1.2035,1.0277,-0.83949
7aF7nnwn,-0.60655,-0.30859,-0.54108,-0.91788,0.62976
7asGzfX9,-0.17303,0.049064,-0.06103,-0.31374,-0.13726
7cg7C92o,0.075624,1.4527,0.25033,0.69363,0.22794
7eOxTpsB,-0.31638,0.20745,0.45197,-0.71867,1.1499
7ey0v7ma,-0.42045,-0.43103,-0.5906,0.28532,-1.1883
7gocyrYl,-0.37879,-0.1115,-0.50092,0.93751,-0.17909
7gqR3GoA,-0.54619,-0.40097,-0.67279,-0.42331,-0.43361
7og7aUXB,-0.35148,-0.010597,0.039881,-0.17966,-0.43054
7onRfa8F,0.079576,0.36514,0.39588,-0.3335,0.64117
7umkNuxM,-0.22728,-0.36952,-0.19561,0.16571,-0.49748
7vPr9ExD,0.021368,-0.11912,0.28318,0.067854,-0.81526
7zNjpCzu,-0.40586,-0.25264,-0.36412,-0.19268,-0.67683
7ztsQNj3,-0.59985,-0.14294,-0.53311,-0.19723,-0.44243
86gppwMI,-0.44253,0.041889,-0.60523,-0.48314,0.80146
88thAGdL,-0.37562,-0.11041,-0.17174,-0.29984,-0.29019
8GhU8STP,1.2379,0.39644,1.4358,0.26697,-1.0124
8NlzDcWe,-0.42885,-0.36991,-0.74062,-0.6081,-0.26297
8QAejdLW,-0.13068,-0.16471,-0.15708,0.10987,-1.0426
8RDeFxWM,-0.42774,-0.077276,-0.17507,-0.6599,1.2007
8UXP2NBS,-0.33216,-0.38249,-0.25446,-0.58074,0.43375
8ZoV3KGT,-0.2711,-0.19135,0.073976,-0.36246,-0.52741
8ajs2uG8,-0.47724,-0.20287,-0.85646,-0.33525,-0.58693
8bXnz62p,-0.23577,1.25,0.31512,0.25838,0.71871
8nO1O1LG,1.8722,0.45339,1.4127,1.3495,-0.94095
8xE1p8g8,-0.56288,-0.040037,-0.56812,-0.39529,-0.18318
8yMDVMRM,-0.52007,-0.22766,-1.012,-0.59468,-0.64779
98R5VaPi,0.9743,0.33261,2.1842,-0.79934,0.65139
9DcTz2Ua,2.6098,0.015885,1.9914,0.94817,-1.055
9G7nfUrK,-0.26371,-0.12997,-0.085708,-0.46467,0.22413
9O6GZ1HT,-0.16814,0.44063,1.0405,-0.73258,-0.38776
9S7fCoAM,-0.38135,-0.1272,-0.0055241,-0.29788,0.45918
9iQwmFJR,-0.27066,-0.30464,-0.044516,-0.58568,0.064865
A3Mt6SAQ,1.194,0.099697,2.3336,-1.0732,0.39087
AJIsQIcV,-0.40311,-0.18186,-0.61678,-0.49746,0.45707
AMHKXMh8,1.7122,0.31243,1.8196,-0.093657,-0.85005
ASwA2J4E,-0.31039,-0.10369,0.14334,-0.38355,0.67583
AaFvEoHq,-0.52293,0.38244,0.80304,-1.0613,0.88615
AiIPD6hX,-0.41951,-0.18136,-0.59792,0.46945,-0.50482
AsIURvJS,-0.49997,-0.39121,-0.81441,0.59048,-0.88972
AsvgbJ0C,-0.12001,-0.1398,-0.68513,0.6629,-0.29598
AxEhbkCM,-0.39787,0.19766,-0.46443,-0.57768,-0.12581
B7VPkIpx,-0.65698,0.35767,0.81561,-0.78178,0.79336
BBwHqHiH,-0.12263,-0.27574,0.037356,-0.02077,-1
BMyps8hr,-0.29718,-0.28635,-0.35229,-0.11094,-0.49936
BUHS4dQw,0.35642,0.53245,-0.08221,2.9932,-0.7498
BZB3EYWQ,-0.30057,-0.13312,0.048874,-0.3267,0.64597
C5UPCZcL,3.2319,-0.22733,2.0449,0.84578,-1.112
C5gIfQbJ,-0.42673,-0.21927,-1.0017,1.7014,-0.85724
CDRuu4Pn,-0.48254,-0.26717,-0.29415,-0.76672,1.0104
CQhTYkqE,0.33805,-0.064773,0.59503,0.3374,-1.0499
CSEobMXv,-0.22856,-0.28699,-0.74009,1.227,-0.58389
CYMQE4x0,0.065848,0.67218,1.3215,-0.33519,0.68474
ChQdtl4J,-0.42113,-0.15072,-0.086234,-0.52123,0.20761
ChnD1nrN,-0.36104,-0.413,-0.60838,-0.57072,-0.49912
CvtbbIcq,1.4137,0.29122,1.7167,-0.092294,-0.20759
Cxk06b77,-0.31401,0.68189,0.70775,-0.086138,0.102
D3QD3ZEJ,-0.10799,-0.25169,-0.3763,0.76423,-0.21401
D8J5C6lA,0.53969,1.0415,1.1357,-0.084525,-0.86401
DCeQwYfT,-0.11034,-0.10989,-0.060394,0.17313,-0.39479
DDEftkx3,-0.55393,-0.018133,-0.76247,-0.69034,1.2638
DEwCfeDW,-0.46093,0.78919,-0.108,0.11926,0.67091
DMkIV4oL,-0.51604,-0.2004,-0.67651,-0.73742,0.85461
DnzGfbxS,-0.23568,-0.21068,-0.061817,0.012537,-0.78219
DoZxo6f6,-0.32888,-0.010848,-0.059135,-0.65611,0.6291
DvhBPGIk,-0.63143,-0.47523,-0.4722,-0.54577,-0.31674
Dx7GoUcT,-0.44825,-0.14282,-0.11966,-0.49815,0.98017
E5hIjohO,0.25448,-0.19797,0.4452,1.0952,-1.3237
E6x4XGHt,-0.67548,-0.12886,-0.64865,-0.69991,1.1947
EDEpAzh1,-0.5761,-0.09692,-0.56698,-0.31967,-0.45943
ETGudkQt,-0.33728,0.3778,0.21311,-0.60736,0.22214
EUleKrLJ,2.1526,0.11825,1.7478,0.77197,-0.81451
Ehw2Jz6s,-0.40096,-0.10465,-0.53345,-0.42056,0.083875
EjqzC4zH,-0.68294,0.11983,0.40302,-0.89409,0.72022
EkMZO3Qj,-0.44287,0.62045,0.20675,-0.67634,0.59434
EnoNXWvU,0.10396,0.39971,1.0482,-0.91009,-0.027872
Epv8ANwr,-0.3875,-0.32738,-0.47072,0.46542,-0.10891
Etro9j0B,-0.091594,1.9265,0.39122,-0.12363,0.14558
F3MIZj76,0.069071,-0.24754,-1.1268,0.23972,-0.93986
FB8tU00K,-0.52119,-0.2962,-0.99129,0.60194,-0.28182
FLhxBGMK,0.029463,-0.072182,0.39701,-0.07331,-0.94593
FRreR8ka,-0.40821,-0.18337,-0.38586,-0.20647,0.19298
FXne4oAV,0.4324,0.99695,0.89732,-0.34468,-0.81714
FaW764jk,-0.32688,0.8242,0.64776,-0.37314,0.56959
FeAbMXly,-0.63405,-0.33776,-0.93833,-0.65582,0.98892
FeudaFXn,1.7329,-0.26547,1.8501,-0.34989,-0.88392
FldUmFeM,1.8204,-0.13865,1.9608,-0.82488,-0.11652
Fnv5tfAm,-0.74805,-0.09981,-0.71709,-0.14972,-0.54146
FvrAd3Or,-0.0048338,-0.18345,0.83008,-0.96089,0.54435
G48zHffi,0.26406,0.37019,1.3767,-0.91331,0.56152
G76zCv5N,-0.38359,-0.45838,-0.69793,-0.39859,-0.27509
G7JGUdNf,0.19594,-0.35276,0.36834,-0.021976,-0.99666
GCo6MONx,1.1855,-0.047749,1.075,0.45991,-0.93276
GE0vbpVQ,-0.31986,-0.064264,0.25141,-0.6797,0.708
GN0DfOqt,-0.32538,-0.25143,-0.074247,-0.56725,0.16077
GNsTAb1v,-0.53493,-0.077794,-0.5685,-0.31233,-0.81838
GPwmO21z,-0.50085,-0.43064,-0.58624,-0.0226,-0.44016
GQYpfLoh,0.94233,0.25703,0.233,0.56372,-1.118
GR9knT8n,-0.26287,-0.31706,-1.1209,0.90899,-0.85682
GXtFFbZy,0.35882,0.14187,0.49967,0.1353,-0.085206
GYvzvvFD,-0.51866,0.28377,-1.3299,-0.12861,0.22761
GemPjTJ9,-0.13051,-0.17964,-0.9155,0.73747,-0.80379
GkLYRm1K,1.722,0.1047,1.8459,-0.25785,-1.0057
GmlqP8eI,-0.48662,-0.30927,-0.97538,-0.67797,-0.66465
GqkIrOvf,-0.26477,-0.096294,-0.91135,1.1356,-0.84048
H0fsegPi,-0.458,-0.17631,-0.35611,-0.55954,0.50238
H4dHpJjU,2.0784,0.15316,1.7241,0.73692,-0.96458
H5QwJCuU,2.3229,1.3692,2.1387,0.76225,-0.5299
H5uwmSZ0,-0.39958,-0.025055,-0.39803,-0.7598,0.44398
H8MtbVoL,-0.1872,-0.18068,0.04513,-0.28606,-0.58948
H9JrUYnp,-0.36287,-0.12927,-0.26909,-0.10015,0.23395
HHYmmHVk,-0.53238,-0.15189,-0.46103,-0.78776,1.2557
HJ5U4uqL,-0.58693,-0.32903,-1.3528,-0.42706,-0.33039
HNQxYc4w,-0.34295,-0.32311,-0.28543,-0.59891,0.015754
HQYhKHZ8,-0.48757,-0.14864,-0.82891,-0.5576,-0.30905
HSCMx0MC,-0.44888,0.03654,-0.15688,-0.61792,1.0841
HXYuE0fx,2.3434,-0.15008,1.8813,0.33898,-1.0711
HdKcxEWr,0.081747,0.6548,0.56802,0.683,-0.095424
HecW1iCC,-0.62705,-0.34805,-0.53038,-0.51266,-0.75178
HpbKB8rv,-0.22427,-0.20511,-0.71323,0.68785,-1.1737
HrkoYjCg,0.067105,0.70993,-0.43755,1.4503,-0.61728
I5P2uquT,-0.28689,0.038267,-0.026771,-0.43572,0.30958
I94qkDM7,-0.57493,0.081497,-1.054,-0.24146,0.46871
I9sQbtt8,-0.20962,0.14915,-0.89124,1.7844,-1.1853
IFxgw6ZX,-0.7168,-0.2813,-0.33688,-0.61038,-0.2586
IPPPSyoU,-0.51545,-0.51723,-1.0922,0.076749,-0.82031
IQOYQubU,1.8403,-0.16727,1.6198,0.23411,-0.86183
IYNE2SxU,-0.51899,-0.13227,-0.57117,-0.093415,-0.39338
IZRFk9kN,-0.33038,0.1957,0.16845,-0.36303,-0.15351
Iaq3v0t3,1.3085,0.1927,2.3088,-0.91672,0.1852
IbVwu1t6,-0.37272,-0.40881,-1.0043,-0.14705,-0.74213
IcHKTLyo,0.18111,-0.21884,0.1089,0.067867,-0.95263
IpW80wVB,-0.017117,-0.40706,-0.48005,-0.050488,-0.43987
Itb0PYUV,1.8975,0.087253,1.5714,0.9431,-1.0279
J8fpSwS0,-0.42316,0.12718,0.58741,-0.91706,1.0523
JE1SlbD0,0.70057,0.98895,0.47795,2.177,-1.251
JEB4McNb,0.99361,-0.065556,1.4422,-0.25314,-0.92905
JEE4QVeQ,0.029078,-0.29768,-0.17313,-0.23493,-0.816
JJSEU2VQ,-0.60093,-0.11115,-0.57367,-0.61074,0.98266
JSsVriP2,0.19705,-0.2967,0.83628,-0.82363,0.07634
JUvQNiOK,-0.093828,0.53244,0.7704,-0.39067,0.46392
JZbrRtm2,0.18797,0.12647,1.4487,-0.89748,-0.24293
JcE9G92B,0.032469,0.21354,-0.10246,1.0423,-0.62237
JnNYpXHr,0.545,1.7927,0.1825,2.1683,-0.63849
JzpbnOtz,-0.35987,0.3137,0.059604,-0.70945,1.0651
JzzUhPQp,1.6407,0.7059,1.8628,-0.17996,-1.0032
K05R8dQK,-0.3817,-0.23828,-0.83113,0.71657,-0.52067
K17pG2mG,-0.19956,-0.31922,0.4553,-0.72129,0.88763
K8BellUe,-0.046455,-0.57836,0.19355,-0.16951,-1.2375
KJ2eH6rr,-0.029509,0.19928,0.24169,-0.1818,-0.58798
KJEJ6Glk,0.61373,0.57287,0.44439,1.4862,-1.2794
KSbO0oXS,0.337,0.66611,0.19384,1.9787,-1.1606
KXtvmd01,-0.43782,-0.47992,-0.3138,-0.45642,0.20106
KYiJqBuJ,0.0085326,-0.36188,0.64969,-0.46473,-0.70252
KmbAyTcE,-0.27762,0.28918,-0.055505,-0.3544,-0.36282
KnNyl3rV,-0.0005045,-0.010739,1.3185,-0.32766,0.86919
Kp2DG8TZ,-0.71274,0.34128,0.59756,-0.87123,1.1044
KqQtKWs5,-0.60048,-0.26618,-0.68616,-0.57573,-0.078194
Ku27g63R,2.7665,0.58728,2.2684,0.61715,-0.48003
L2aTVqDq,-0.35843,-0.41266,-1.0947,0.699,-0.82888
L5jvq6G4,-0.60477,-0.2525,-0.53402,-0.69859,0.27494
L91hYVQl,-0.51467,-0.34762,-0.66432,-0.85808,-0.35851
LINAMlbA,-0.24958,0.17563,-0.95987,0.061568,0.43022
LJoUNXSx,-0.18115,-0.064609,-1.1782,0.037283,-0.62058
LLtSiyWD,-0.52609,-0.26152,-0.74111,-0.429,-0.090933
LQJtV8kn,-0.077176,-0.053882,0.60247,-0.15386,-1.0415
LW9uddw7,-0.31758,-0.26551,-0.63129,0.90865,-1.3256
LZ6sdBTR,0.95597,0.34715,1.1565,0.21335,-0.64731
La2Vhnne,0.42995,-0.06928,0.37758,1.498,-0.65628
LaUWSq9B,-0.10254,-0.062355,0.32908,0.039981,-0.76874
Lk4SfkPQ,-0.4902,-0.4172,-0.7951,-0.19165,-0.88048
LllC836d,0.082055,0.02698,-0.69462,0.73271,-0.3096
LuGiGeWN,-0.4696,0.076348,-0.92883,-0.082582,0.67733
LzcyHcWa,-0.48242,-0.074816,-0.50853,-0.62958,1.0263
M7veP0H4,-0.43808,0.26761,-0.10613,-0.1957,0.81736
MB8aaJUc,-0.0026509,0.44463,-1.2055,0.91463,-0.092463
MDpe2zuy,-0.53215,-0.31713,-0.46804,-0.42437,-0.51854
MEzdmEIU,-0.42032,-0.32239,-0.25297,-0.32282,0.11595
MVnhtivm,-0.36381,-0.43151,-0.57723,-0.11784,-0.62329
MYU7WDis,-0.72987,0.37641,0.74541,-0.97948,1.0158
MZFqh6yw,2.182,0.38235,2.1474,-0.20258,-0.12483
Mdgy4SsO,0.97273,0.78953,0.38898,1.5581,-1.1304
Mj8awnzy,-0.32406,-0.029563,0.26456,-0.70456,1.2876
MpFPbUJy,1.8371,0.41362,1.6716,0.68508,-1.0184
Mqk7MFBM,-0.33578,0.60316,0.44492,-0.80184,0.5688
Mqs2t1Eo,-0.61326,-0.093438,-0.63889,-0.14755,-0.32815
Mv3jFVxp,-0.38729,-0.22867,-0.050134,-0.13901,0.38156
MxODTXvA,0.083789,-0.065965,0.36925,0.12247,-0.99263
N46PbpPM,-0.38777,-0.1476,0.15685,-0.59004,1.568
N5S5F9Gk,-0.46157,0.37348,-1.0779,-0.17181,0.70366
NLDg5fqw,0.23827,-0.3192,0.069799,-0.46145,0.12099
NOho2ZiM,2.512,-0.097154,1.8937,0.59057,-1.178
NUuY7PFU,2.0239,0.35914,1.5557,1.1103,-1.2966
NV1e8AEO,-0.42332,0.092963,-0.17298,-0.55662,1.2045
NZLXROKC,0.094815,0.039199,0.3267,0.51336,-0.84143
NaJo7C6o,0.50346,0.1227,1.1423,0.012226,0.055242
NgsyGkrO,0.074813,-0.12129,0.45897,0.63252,-1.1692
NjOx4Zpo,-0.45059,-0.3458,-1.2087,1.436,-1.0765
NmQoI7x0,1.6282,0.59389,1.8254,-0.57219,-0.07034
No4wkdLS,-0.3374,-0.28356,-0.74099,-0.59069,-0.31794
NouMwhOf,-0.36175,-0.43724,0.056609,-0.39132,-0.61962
O6YAWd8C,-0.10155,-0.29781,-0.027081,-0.11097,-1.0187
OAXVphSh,2.1716,-0.37208,1.7314,-0.28836,-0.1212
OJBBhb6Q,-0.52508,-0.36939,-0.33907,-0.84356,1.2941
OSIQXImL,0.22633,-0.063245,0.78876,0.26987,-1.1134
OUUFc5Zz,-0.36885,-0.2922,-0.0041738,-0.77996,0.71816
OVk1lquT,0.4019,1.5188,0.21876,1.6948,-0.059479
OXdRxjzz,-0.2176,-0.41359,-0.69179,0.26462,-0.93644
OXxW2ekf,-0.56594,-0.1172,-0.32314,-0.8696,-0.041401
OXz5OpqR,-0.25308,0.85768,1.0445,-0.51491,0.47008
OcBFW1AX,-0.14535,0.29487,-1.0742,0.34577,0.46933
Of9V2rpt,-0.079806,-0.10641,0.19922,-0.0056243,-0.51883
OfLxPhbG,-0.26143,0.15685,-0.084925,-0.30022,0.76104
Ojx2vi48,-0.45952,-0.3925,-0.61264,-0.69363,0.12904
P3M32iuT,-0.59162,-0.35241,-0.70573,-0.9149,-0.092187
P7olVzrO,-0.015518,-0.21035,-0.26718,-0.16789,0.39231
PAPHErnv,-0.38526,-0.22193,-1.1249,-0.13564,-0.58538
PBjEtfXb,-0.33864,0.24415,-0.33748,-0.42124,0.38538
PZGpoBBj,1.7437,0.053259,1.9678,-0.19343,-0.97556
Pc2RrxXS,-0.20429,-0.76935,-0.41203,-0.56846,-0.16987
PcHQ4FOu,-0.41528,-0.069266,-0.45997,-0.18388,-0.067819
PeNyTOVN,-0.38099,0.47751,-0.092361,-0.14193,0.2766
PhUPSU53,-0.51954,-0.21418,-0.62684,-0.24852,-0.26373
PmUNeV2O,-0.3306,-0.38519,-0.86768,-0.56794,-0.34183
PoDJ0uvK,1.8831,0.72334,1.8504,0.33016,-0.35357
PsUJdJdg,-0.35557,-0.11401,-0.41676,0.82789,-0.50446
Q3xLFx1f,-0.36773,-0.27953,-0.85791,-0.20579,-0.48008
QBGxCvdM,0.056911,-0.30717,0.17643,-0.11098,-0.93979
QCEPyu6L,-0.50179,-0.40659,-0.97962,0.29973,-0.58089
QEfwec4s,3.1481,0.21658,2.0111,1.8205,-0.89675
QZ87Nnr3,-0.40039,-0.072819,-0.22795,-0.49298,0.69704
QlyGN9jv,-0.62021,-0.18186,-0.55129,-0.29494,0.37649
QqgWE1ny,-0.44911,-0.065977,-0.44823,0.04081,-0.5973
QrjjBpZd,-0.35338,-0.14269,-0.81079,1.4713,-0.81421
QsaBiX7V,-0.39647,-0.074733,-0.15617,-0.10923,-0.23932
QtBKJuZk,-0.28363,-0.055877,-0.14877,-0.54028,0.47595
QtPRO8OJ,-0.36776,-0.12556,-0.95031,-0.44846,0.5478
R8XcsFnp,-0.25154,0.35694,-0.06693,-0.45183,1.6286
RROfRt9z,-0.28086,-0.28038,-0.047741,-0.073554,-0.91081
RTcbiDGq,-0.41096,-0.50903,-0.68595,-0.43464,-0.18876
RVidM9g0,0.119,0.47143,1.6436,-0.9565,0.85418
RZnQSH19,-0.56741,-0.23327,-0.44009,-0.6711,0.74003
Rc4UK7fT,-0.45013,0.0097193,-1.1082,-0.2529,0.60102
RcKBKh6B,-0.25431,0.15454,-0.34532,-0.45312,0.3095
ReM5kDa5,-0.039041,-0.16428,0.19779,0.026768,-0.88562
RfntsotG,-0.51797,-0.22477,-0.54042,-0.71599,0.3995
RiXMlzXD,-0.24224,-0.31961,-0.28288,-0.46974,-0.54306
Rik83O3m,-0.47049,-0.18193,-0.5648,-0.30322,-0.32751
S3PCzDzO,-0.39272,0.072142,0.77186,-0.81595,0.38234
S77BviOJ,-0.4179,-0.034071,-0.46079,-0.23554,0.0035565
SDdvtktF,-0.40729,-0.22289,-0.68236,-0.154,-0.8643
SHs1AyfM,-0.27362,0.055865,-0.15859,-0.45041,0.90972
SO4zQy9k,-0.52117,-0.2847,-0.28274,-0.55636,0.59551
SOOBCoiG,-0.44374,-0.33425,0.15542,-0.65959,0.80879
SXkkPB7A,-0.31193,0.050962,0.4611,-0.53586,1.1128
Sa93dGqq,-0.14004,0.44846,-0.8027,0.48438,0.65502
SonIG72a,-0.54613,-0.063822,-0.45325,-0.10761,0.44806
Suf6hIBc,-0.30511,-0.14324,0.11643,-0.52356,0.86914
Sx2JeSRz,0.17094,0.089139,0.50223,0.4949,-0.42264
T1Tlftr4,-0.22234,0.3915,0.93316,-0.81505,1.0691
T7ulR4ci,-0.49813,-0.16675,-0.13534,-0.86131,0.93999
TA1NB3Br,-0.31998,-0.047579,0.11011,-0.33625,0.60256
TFZUskaK,-0.082825,-0.0078434,0.23965,-0.37079,-0.54656
TNL8HGWZ,0.025434,-0.27829,0.061137,-0.17195,-0.90611
TZ8z1GSF,-0.45903,0.064535,-0.66919,-0.43808,0.18258
TqhRvkJJ,1.2929,-0.15234,1.5131,-0.42702,-0.27057
TtJCUiY4,-0.51741,0.090942,0.084214,-0.89521,1.2762
TwDq0lua,-0.028769,0.10759,0.47066,0.19723,-0.36079
Tzyf02sI,-0.5016,0.18002,0.33899,-0.45924,0.865
U3yI6ZS5,2.9991,0.045415,1.9366,1.5017,-1.0877
UBLnXZAN,-0.166,0.011005,-0.94324,2.5744,-0.57122
UBWDzleg,-0.35857,-0.8231,-1.4797,1.0803,-1.0047
UBqkX6SY,1.5965,0.21743,1.8103,-0.05571,-0.94804
UCIAi1Aj,-0.028705,-0.41516,-0.73321,0.022075,-0.68124
UPbXGvCS,0.16506,-0.43782,0.1975,-0.015892,-1.0549
UeWm1l9F,-0.26333,-0.25092,-0.95473,0.93729,-0.63472
UhucscY7,-0.41743,-0.10312,-0.68931,-0.38187,-0.51979
Uri1SvHV,0.0069413,-0.30007,0.066248,-0.042042,-1.1285
UzxipGJS,-0.64458,-0.27657,-0.62919,-0.54569,0.3957
V74zfaAQ,-0.1399,-0.23481,-0.18524,0.0027565,-1.0772
VBPxBLTh,1.9952,0.18778,1.6808,0.64388,-1.1144
VLG7CXYS,-0.23946,-0.031185,0.11178,-0.047591,0.4085
VNk52SpF,-0.33745,-0.32188,-0.99157,1.1473,-1.2682
VOREKsok,-0.57991,0.14551,-0.48952,-0.73093,1.5294
VRhTr5pX,-0.35241,-0.72689,-0.34457,-0.65294,-0.23241
VTcG4Kcw,-0.1888,0.29846,0.78558,-0.4829,0.87033
VeKiWSbS,-0.36412,-0.097107,-0.050301,-0.33832,0.47092
VnU8nJHU,-0.41342,-0.1481,-0.18162,-0.36834,-0.20439
VueNCxYv,-0.42915,-0.092995,-0.26887,-0.18912,0.37772
VxuQTRUl,-0.42684,-0.20895,-0.26668,-0.39129,-0.36077
W5lgaocA,1.529,0.60352,2.5021,-0.46923,0.10284
W5mMq9Ef,-0.48553,-0.24418,-0.78584,0.40638,0.143
WDhNqFpS,0.043205,-0.13163,-0.3047,1.1692,-1.3378
WE6n1kZi,-0.44654,-0.41413,-1.1797,0.29584,-0.83379
WFk6r3vA,-0.53836,-0.11281,-0.44208,-0.28129,-0.031491
WFyIrsUR,-0.59343,-0.64621,-0.68383,0.68826,-0.92516
WG6ZAsqR,-0.56697,-0.053252,-0.76511,-0.7798,1.2888
WMq3CZQk,-0.4917,-0.49172,-1.2258,0.66216,-1.2203
WRskmGjh,-0.48898,-0.26623,-0.45369,-0.47561,-0.39981
WXijSglj,-0.44437,-0.32358,-0.85449,-0.4701,-0.80882
Wc0stQgu,-0.31322,-0.42005,-0.88711,0.32431,-1.1137
WewoSCUB,-0.53727,-0.4015,-0.78566,-0.70176,0.11058
WuHuhHWJ,-0.30845,-0.20814,0.16288,-0.49941,0.80584
Wv7EBtZb,1.1435,1.0198,1.5554,0.15929,-1.0112
WyPlxDn0,-0.49461,-0.024097,-0.23796,-0.65176,0.9894
X3WqoSNN,2.2397,-0.17371,1.5712,0.65226,-1.2001
XDhyP9KB,-0.63121,-0.19562,-0.70824,-0.26008,-0.5833
XQxhDRMG,-0.30562,0.16994,-0.93376,-0.31376,0.51864
XjLNAwxW,-0.17443,-0.28374,-0.41786,0.3699,-1.2388
XjfVQbXd,0.36228,0.63503,1.9353,-0.37009,-0.34989
Xovczbf6,-0.54359,0.011942,-0.74768,-0.75171,1.5971
Y8H4onBf,-0.60168,-0.29515,-0.56678,-0.57577,-0.20733
Y8YgzSZ9,1.8486,1.1504,1.6692,0.99566,-0.55707
YC4PNV20,-0.47211,-0.13548,-0.17074,-0.41615,0.93549
YDHSCRdd,3.3105,0.0098609,1.9484,2.073,-0.82903
YIJ87aME,-0.3836,0.093805,-0.10516,-0.23768,0.0081745
YKvT4dFv,-0.3502,-0.56553,-0.61076,0.030236,0.10015
YNebALR2,-0.4198,0.14869,-1.1397,-0.23295,0.27501
YNrnqFyb,-0.1165,0.44134,0.097319,-0.15084,-0.014768
YUZ4lR3m,-0.39579,0.065634,-0.18156,-0.45941,0.46808
YYLvjoVC,-0.084254,0.3421,0.37114,-0.27616,-0.0012132
Yb8OtMb2,0.17487,-0.20653,0.45057,0.11026,-0.97163
Ycg4lTYw,-0.1574,-0.30161,-0.63869,0.59291,-0.94879
Yfk6tekH,0.18479,0.43686,1.1312,-0.57146,-0.68542
YoSfgmR6,-0.49091,0.10443,-0.63184,-0.2161,0.018105
YpzFvexy,-0.15071,-0.40882,-0.79235,0.080283,-0.49898
Yxqppfa3,-0.17078,-0.25356,0.027487,0.088609,-0.70664
Z16jTUvP,-0.41876,-0.078625,-0.42838,0.0074757,0.023848
Z2BdCCbJ,-0.35994,-0.027945,-0.039319,-0.44139,0.99135
Z2JJMM6V,-0.20264,0.045614,0.12565,0.10414,0.30581
Z5jE1OB5,-0.49194,0.066333,-0.056631,-0.19136,0.39384
ZFsIqYxA,-0.12815,0.068577,-0.51224,-0.032002,-0.093221
ZHDVsoRh,-0.51183,-0.38037,-0.70156,-0.31176,-0.48557
ZSmfu2Fc,-0.74637,-0.38408,-0.765,0.050923,0.1361
ZU8YXF3H,-0.53393,0.069952,-0.60274,-0.80376,1.5346
ZXKaNy6Z,-0.45678,-0.2081,-0.98868,-0.48561,0.4901
ZbYLo0zK,-0.098332,-0.31135,0.0019943,-0.6735,-0.0050482
ZedN8Gcn,-0.51002,-0.33886,-0.42891,-0.64151,-0.23258
ZgD4Dau6,-0.2191,-0.35656,0.35958,-0.60853,-0.36978
Zgzf79LA,-0.49885,-0.40199,-0.82851,-0.59705,-0.23312
ZjqzxDOF,0.43079,0.70643,1.7009,-0.57891,-0.18861
ZsZ5aDpq,-0.01484,0.58091,0.13444,0.86679,-0.93295
ZtyqE7If,-0.52309,-0.17933,-0.39319,-0.28059,-0.83436
ZvUgz01f,-0.29508,0.053984,0.57636,-0.93322,0.97257
ZwrhgdQV,0.73048,0.097744,0.74217,1.4342,-0.74718
a7bhJGBU,2.0956,-0.14226,1.5119,0.75736,-0.98438
aHpv6KzP,3.1643,-0.073201,2.0945,1.1274,-1.2185
aINzEBVN,-0.27921,-0.41744,-0.73275,-0.35012,-0.97814
aP9EtTGF,2.6095,-0.33245,2.1093,-0.089964,-1.0035
aV6EhtSL,-0.35794,-0.18157,-0.24913,-0.46572,-0.26678
aVZsXKoH,1.89,-0.089892,2.0141,-0.25822,-0.91093
aYVnVJvc,0.10729,-0.050317,0.35237,0.42951,-1.103
abCzN1zx,-0.45122,-0.48521,-1.12,0.40571,-0.96975
ae7sMiB4,-0.31197,0.34527,0.099794,-0.22355,-0.35288
afsVuCGV,-0.69302,0.16591,-0.65504,0.50911,0.372
aiwBQETI,0.11906,-0.22452,0.25995,-0.055012,-0.91093
aiyli4EI,2.1562,1.7994,1.6858,1.7656,-0.70255
apJ7NmzD,2.222,0.28841,2.1387,0.11947,-0.86902
atVjNMtQ,-0.24819,-0.18392,-0.72521,0.93683,-1.3809
b5GirVGV,-0.41721,-0.6631,-0.26142,-0.65529,0.28715
b9SpMjNB,-0.09824,0.18834,0.39129,-0.095117,0.92762
bAFs37yy,-0.45279,-0.30227,-0.14805,-0.77418,0.86433
bDia1hHV,-0.55827,-0.33744,-0.4303,-0.1539,-0.82243
bFkv5Mtr,-0.14394,0.14212,0.076817,0.35364,-0.21478
bHe2IXgA,-0.35335,-0.21437,-1.0188,1.1392,-1.3037
bWX3vUm5,-0.072705,-0.11004,0.10782,0.14861,-0.97689
bat8tcGs,-0.22561,-0.75694,-0.43522,-0.062071,-1.0826
bfjej4wu,-0.44938,-0.13596,-0.75475,0.15161,-1.0794
bh04YDiP,-0.47206,-0.4838,-0.48745,0.04519,-0.27222
c110Fdc8,-0.37806,-0.22665,-0.32704,-0.39551,0.18961
c32GUzMa,-0.5044,0.15921,-0.91516,0.1986,0.51044
cT6uU0B0,-0.3684,-0.18418,-0.59477,-0.29353,0.77562
cWXCiFwh,-0.51034,0.048032,-0.52765,-0.18229,-0.16103
ceNvS3yd,-0.40328,-0.26447,-1.162,0.02673,0.14347
cmwdt4Av,1.5105,0.050724,1.6287,0.18428,-0.97559
cn4EHsup,-0.15064,-0.36965,-1.0544,0.033114,-0.39528
crVOGGTT,-0.29766,0.0030646,0.093994,-0.80251,0.70845
csPEJ1E5,-0.3862,-0.1776,-0.31594,-0.51024,-0.47783
d0UrRtMk,-0.55299,0.10269,-0.56743,-0.79888,1.4962
d6LU4G4I,-0.30603,-0.07466,-0.69857,0.46704,-0.17651
d74T1DVv,-0.44824,-0.36268,-1.1748,1.7382,-0.93758
dR6rM1tQ,-0.099529,-0.53117,0.097991,-0.036188,-1.1035
dUNxOoqg,-0.39808,-0.02019,-1.2074,0.85085,-0.65253
dUnlyhj7,0.39085,0.10683,1.3073,-0.77468,0.062727
dVDlnZQ6,-0.27865,-0.24211,-0.78448,0.49809,-0.98591
dVT26GDu,-0.32207,-0.053138,-0.14673,-0.61619,0.25362
de43ycXY,0.31973,0.49643,1.3406,-0.85194,-0.31952
dfIn7m9z,-0.62534,-0.50934,-0.82559,-0.34893,-0.37117
dhmb9ZY9,2.9503,0.0060844,2.0105,0.94209,-1.0578
dn8kCuyf,-0.33233,-0.083911,-0.53586,-0.54763,0.49562
dpcquvWW,-0.57059,-0.49828,-0.54849,-0.40537,-0.11946
dqcbIMyr,-0.63078,-0.20111,-1.1319,-0.19886,-0.015046
drWgsBf5,-0.40293,0.12105,-0.64809,0.16919,-0.69224
dytx0HSe,-0.59349,-0.077786,-0.96072,-0.74493,1.2631
e4KkkIha,1.3158,1.2124,1.9782,-0.41356,-0.58703
e9YorH4m,-0.041932,-0.029974,0.34161,-0.85862,0.55263
eB9gVQ0R,-0.061531,0.43088,0.12792,-0.46119,0.33685
eMhLFqU6,-0.41256,0.13389,-1.1279,0.24455,0.063533
eMllg1qm,0.50851,0.96555,0.78775,-0.053585,-0.66111
eNPunZ9i,-0.23177,0.20392,-0.97897,0.7388,0.042731
eS5BSM4J,-0.48302,-0.092969,-0.30063,-0.69652,1.2168
eVGMFoOI,-0.09202,-0.076427,0.43625,-0.91921,0.62242
eaIwb3rG,-0.13845,0.71209,0.23592,-0.36986,0.9571
eyzw8Vis,-0.4774,0.09069,-0.1715,-0.66215,1.1879
f04Ke2bN,-0.29205,-0.028654,-0.53693,0.14303,0.24669
f4GA0te1,-0.51946,-0.38917,-0.44346,-0.7936,0.02932
f7bd91h5,-0.54363,-0.15771,-0.25047,-0.7532,1.1198
fB7z9ndr,-0.15395,0.1866,0.53752,-0.62724,1.1932
fEe7AWFA,-0.39086,-0.47952,-0.06321,-0.32727,-0.80436
fJJIbgY9,0.26474,0.7597,1.3067,-0.57775,-0.61996
fQBURMvg,-0.41416,-0.00088375,-0.19437,-0.48031,1.0845
fS0HpOub,-0.48316,-0.4327,-0.29859,-0.57721,0.39124
fTDXauuk,0.44517,-0.10336,0.99583,-0.64677,-0.66404
favPNA2N,-0.097684,0.57582,-0.4605,0.32607,0.5116
g3Fv0U4k,-0.20501,-0.10451,-0.80943,1.254,-0.51989
g5PKo2E2,0.19246,-0.21902,0.81712,-0.11273,-0.39791
gbjnD5fe,-0.49771,-0.39757,-0.37383,-0.72011,0.12916
ge9zqXCv,-0.54366,-0.46701,-0.77013,0.27145,-0.80074
geeqJpSE,-0.40311,-0.25565,-0.049659,-0.75187,0.91082
gqy1J2RS,0.21727,-0.23352,0.55189,0.16135,-0.80453
grlUtS3H,-0.037814,-0.21199,-0.30785,0.65781,-0.54267
gx965KYj,-0.29453,-0.10122,-0.32293,0.13813,-0.45757
h3F08Vjm,-0.39571,-0.13461,-0.001216,-0.51282,1.2522
h6FQG8Iy,-0.010521,0.21392,0.76187,-0.57021,0.93814
h7ftM8b3,1.5543,0.20972,1.74,-0.14303,-1.0098
hLrCHXZv,0.10316,-0.23967,0.45863,0.029317,-0.97254
hQ6VBuFx,-0.041136,0.56583,0.072613,-0.38755,0.37479
hYoR2y7w,-0.45614,-0.019409,-0.51933,-0.17449,-0.85769
hf65yZkM,0.37574,0.23792,0.43153,1.2422,-0.97185
hjuwe1x4,-0.18278,-0.12047,0.32176,-0.37695,0.18519
hyINlsFR,-0.14983,0.4863,0.0031433,0.29216,0.74027
i0Qlm9Bv,-0.36386,-0.21826,0.15608,-0.39776,0.77124
i1VxfxMb,-0.58326,-0.2162,-0.081552,-0.45431,0.98223
i2l6jXNP,-0.42681,-0.36489,-1.1628,0.0096104,0.33026
i4FgPZv7,-0.42507,0.23411,0.2107,-0.70761,1.0797
i7XtIkSi,-0.61279,0.030717,-0.54286,-0.42052,-0.38502
i9z346Ut,-0.31733,0.11267,-0.62589,1.0306,0.51298
iDOat4cZ,2.0435,0.49859,2.0624,-0.15731,-0.90507
iNv6RoSO,-0.11278,-0.12322,0.056806,0.022874,0.26438
iSL9NYzy,3.4606,-0.18549,1.979,1.9161,-1.0906
iSqVc1r8,0.10747,0.9323,1.2187,-0.74215,-0.31908
iYZMftt6,-0.64789,-0.35335,-0.46836,-0.56128,-0.8172
ieTPaa3c,-0.27319,-0.011026,-1.0769,-0.0033581,-0.34531
if7BmzU0,-0.41363,-0.23565,-0.10359,-0.78613,0.93083
ihNz5bmx,-0.27462,-0.091624,-0.72247,0.5202,-0.58304
ikJXKdIN,-0.50877,-0.3659,-0.44319,-1.0256,0.49908
iq2kxikN,0.016863,-0.34676,-0.2586,-0.10009,-1.0644
iuZEDJK7,-0.54091,-0.30034,-0.48883,-0.54987,0.58481
iyF8gVT7,-0.44269,0.1754,-0.01077,-0.75774,1.35
j06qdQ0V,-0.47196,-0.37151,-0.4296,-0.25587,0.15965
j7hl8svO,-0.48678,-0.13469,-0.48774,-0.13461,-0.89436
j8hMoJUN,-0.37198,-0.33678,-0.7121,-0.58249,-0.27349
jNaFasbV,-0.48107,-0.73472,-1.4323,0.58028,-1.0019
jVVHeYHT,-0.74546,0.35077,0.54669,-0.8157,1.1301
jXm4ySvK,-0.34154,0.021308,-0.050179,-0.32906,0.59691
juO5ii5l,-0.49504,0.53634,0.56825,-0.73913,0.45132
k2hdEBsU,-0.47052,-0.22831,-0.13849,-0.82255,1.2454
k3ynMfhN,0.082921,0.58962,1.3666,-0.39537,0.96185
k9C9yBtr,0.060791,-0.19516,0.33106,0.15871,-0.91329
kAKRvcRo,-0.45719,-0.19329,-0.74426,0.88066,-0.8948
kBi3R2oC,-0.39126,-0.086337,-0.072665,-0.45991,-0.42327
kDWmnsXe,-0.037482,-0.19479,0.31754,-0.38147,-0.088987
kSGBd2Vh,-0.39545,-0.36222,0.025008,-0.78639,0.66641
kT0miHPT,-0.60794,-0.37921,-0.50022,-0.36661,0.086289
kaW0TfRn,-0.32111,-0.3785,-0.085337,-0.62465,0.11636
kmg3SowO,-0.22287,-0.29844,-0.93165,0.44129,-0.56182
kpxKSlnF,2.3165,0.20061,1.9273,1.135,-0.42284
ku2cn1MV,0.65711,0.94668,1.4409,-0.21383,-0.062101
l1su5HU9,-0.47358,0.018818,-0.19925,-0.42502,0.26306
l8Tg2RvD,-0.53292,0.48933,0.82319,-0.75059,0.84128
lB6NsVOc,-0.42311,-0.35081,0.010457,-0.79625,1.0338
lEcdVyKk,-0.54493,0.052389,-0.61227,-0.59872,1.1833
lH4TasGl,0.01876,-0.08532,0.84892,-0.67695,-0.39738
lO9aggHW,-0.072585,0.10644,0.25836,0.30065,-0.048848
lW3m9Vzu,-0.58271,-0.35526,-0.6196,-0.29191,-0.31845
lYLseGDP,0.25332,-0.3479,0.14672,-0.50529,0.15686
lcOnCdZi,-0.45833,0.36412,0.79598,-0.80704,-0.21073
le9YGwON,-0.1267,0.10675,0.033894,-0.14358,-0.32516
llMvu3TX,2.1874,-0.15964,2.712,-0.54568,-0.30135
lnHh2jFO,0.08954,0.28866,1.4828,-0.87789,-0.095385
m07CVXd4,-0.17603,0.13515,0.74932,-0.95082,1.2312
m1lPk91z,-0.32083,-0.13286,0.29966,-0.69955,1.2206
m9IQdmwa,-0.47375,-0.32383,-0.3606,-0.66223,0.59344
mG9BRy5x,-0.44485,-0.020395,-0.27904,-0.18175,0.10785
mVHXnama,-0.33711,-0.4215,-0.73156,-0.33488,-0.78493
mXyrR6nU,-0.47561,-0.2595,-0.68219,-0.41212,0.61522
mbzNdxNc,-0.49851,-0.27607,-0.65589,0.36022,-0.42003
mntH7g3L,0.097549,0.50382,1.2742,-0.92035,-0.13475
msRTXP3H,-0.31662,-0.14501,0.0037561,-0.041318,0.6478
mxBjvIPR,-0.47487,-0.34845,-0.46451,-0.68528,0.22723
n8Opmfbz,1.8524,0.23128,1.689,-0.41977,-0.59294
nOkgU29Q,0.055021,-0.29245,-0.83587,0.89279,-1.032
nhttf7VM,0.14314,1.1439,1.0104,-0.14391,0.23501
njLbXYa3,-0.38722,-0.50631,-0.40076,-0.55277,-0.65595
nwkIpzmh,0.59135,0.33252,1.3978,-0.37341,-0.24091
nzB1R9Zg,0.23652,-0.058325,1.0727,-0.94273,0.080043
o1rZRI84,-0.53346,-0.054864,-0.62956,-0.47504,-0.24408
o7q5Mbty,-0.27949,-0.4147,-0.25278,-0.25974,-0.96041
oCBvysqB,-0.62529,-0.11886,-0.47694,-0.33465,-0.10593
oDmycTPH,-0.43259,-0.43052,-0.20902,-0.9671,0.96473
oFAXZvQv,-0.5762,-0.15895,-0.50002,-0.25224,-0.16376
oHE3M1zX,-0.056951,0.10457,-0.56732,1.3513,0.011345
oMhVmSpV,-0.74683,-0.15503,-0.73676,-0.58536,-0.37959
oNsDqVbi,0.11043,0.7816,1.303,-0.66382,-0.40456
oYAJqQk8,-0.40557,-0.46613,-0.4949,-0.98832,0.18108
ob5Kb6dW,-0.61012,0.038013,-0.73179,-0.6132,1.1708
obnzqs79,-0.51568,-0.34605,-0.78351,-0.52285,-0.40491
oncLcgRP,-0.43065,-0.39923,-0.85408,-0.17136,-0.29254
ooWVYaAe,-0.14667,-0.16492,-0.85674,1.1137,-0.95389
osdyOUnV,-0.35393,0.1848,-1.1962,0.57888,0.044474
p7H9CzCv,-0.071321,-0.43802,-1.0665,1.0717,-0.78888
p7U9hVhY,-0.47072,-0.1031,-0.48726,-0.56566,0.87526
pE6Cf1RV,-0.21321,0.23888,0.48164,-0.61302,0.83688
pI7qzotI,-0.085819,0.054535,0.047626,0.22874,-0.57148
pJrIA4sk,-0.29523,-0.7838,-0.42298,-0.45343,-0.014094
pXne2CLZ,-0.33058,-0.33504,-0.50562,0.90908,-1.0555
pZMcDIOS,-0.4833,-0.47124,-0.37378,-0.71883,0.61533
pavfp3cc,0.21771,-0.35207,0.83838,0.092437,-0.9269
pbQdC5L3,-0.58989,-0.2805,-0.58016,-0.61307,0.12643
pgj7aAFP,-0.29526,-0.14303,0.017783,-0.17687,0.3683
pxg8G3ed,-0.18164,0.40688,0.10913,-0.18922,0.91276
q36Npk6l,-0.49818,-0.36465,-0.54263,-0.89809,0.79114
q4aDOVvq,0.45644,0.57928,0.89466,0.1929,-0.8085
qGmfR9CN,-0.20242,-0.20175,-1.074,1.2946,-0.8398
qJ51ODpA,-0.27314,-0.34163,-1.0727,0.42899,-0.4944
qQX3cs3I,-0.24306,0.81749,0.91572,-0.77519,0.44384
qXeIxPb8,-0.50021,-0.16744,-0.34381,-0.378,0.76527
qYQ4MShM,0.067998,0.25615,0.13742,0.172,-0.76637
qa0etnhK,0.089076,0.16013,0.36776,0.095,-0.49662
qbL4sboq,-0.64723,0.53042,-0.40424,-0.71892,0.92961
qbYrsWHq,1.1061,0.9033,2.1284,-0.01559,-0.34006
r1zmcUqQ,0.46372,0.51872,0.97982,-0.74119,-0.59496
r54iHeQC,-0.32991,-0.19456,0.025442,-0.62764,0.84706
r6xrAnQV,3.7908,0.12458,2.1731,0.29943,-0.61199
r9HxnQDg,-0.041262,0.033513,0.65892,-0.17421,0.8877
rG8Puuf9,0.86811,-0.058593,1.0815,0.15824,-0.8092
rGuiefuR,-0.52673,-0.56878,-1.1267,0.32295,-0.86172
rJ19OhGP,-0.49715,0.1135,-0.47644,-0.55909,1.2429
rOCYepHd,0.079144,0.31822,0.99388,-0.55831,-0.12797
rQJaOPFI,0.1117,-0.16389,0.53431,-0.26276,-0.060362
rQhZtZeh,-0.092001,0.45883,1.0622,-0.6923,1.0036
rapmok0w,-0.16906,0.68852,-1.2414,0.77521,-0.072666
rgzfnPVu,-0.45612,0.22802,0.82771,-0.75493,0.33456
ri4qhb1S,-0.43103,-0.39621,-0.43095,-0.68862,0.45471
rqpFYzff,-0.47371,-0.11411,-0.30042,-0.64382,0.23132
rrs22coX,-0.31813,-0.0044984,0.2101,-0.32027,1.2259
sEeUCQLc,-0.69461,-0.061654,-0.95575,-0.43438,0.65161
sHScwqQl,-0.25841,0.12798,0.50604,-0.79733,1.2721
sNC7DiAt,-0.48872,-0.14584,-0.2011,-0.47271,0.93732
sNK2TSs3,-0.29134,-0.0027584,0.36744,-0.42152,1.0463
sO7Su6uw,-0.26766,0.25182,-1.3565,0.045089,-0.082275
sOWZx89o,-0.70341,-0.30035,-1.1637,-0.69892,1.2188
sPbRcPjC,-0.10331,0.15543,0.097221,0.34893,-0.79229
scVUfTKI,-0.098977,0.31298,0.13632,1.1466,-0.60212
seRaGeVv,-0.62474,-0.01175,-0.3198,-0.48651,0.91554
sgtwiYWi,-0.42813,-0.34333,-1.0344,-0.045199,-0.24476
sjmLHcT6,-0.58979,-0.26134,-0.54454,-0.68919,-0.0078373
skZUZZGS,-0.35998,-0.14094,0.073713,-0.37114,0.26324
suAmzADX,-0.29964,-0.15163,-0.89125,1.4336,-1.0742
t4GWLqlO,0.43688,0.063817,1.0196,-0.40867,-0.14996
t7gy6Jyy,0.54872,-0.054405,0.86534,-0.84366,-0.067639
tBadzH60,2.2176,0.24812,2.2812,-0.038533,-0.63329
tXUWm0hp,-0.24112,-0.3547,-0.4441,0.60641,-0.53636
te6UPPxf,-0.62973,0.10178,-0.61629,-0.35778,-0.48876
ti2lamkL,0.20172,0.29311,0.75629,-0.36338,-0.089321
tr0lpwuU,-0.24633,-0.29981,-0.63468,2.0055,-1.2908
ttdB5C73,-0.39416,0.1783,-0.12451,-0.46912,0.71094
twS8YZu9,-0.13201,0.0069906,-0.38306,-0.42798,-0.068624
tx68W34H,-0.58262,-0.47336,-1.358,1.0697,-0.768
tyQSX4mY,-0.38286,0.11829,0.4818,-0.82496,0.36964
tylKCRc0,-0.49934,-0.32656,-0.37445,-0.40045,0.37296
u1544WUo,-0.34332,-0.10599,-0.70451,-0.51502,0.32033
uAw9an0d,0.17534,-0.0017775,0.41051,-0.14275,-0.19347
uLZAEXMG,2.4416,-0.16263,1.9492,0.16275,-1.0332
uMwe1s7I,-0.43791,-0.61941,-0.54862,0.69739,-0.84133
ufhGeV3q,-0.49403,-0.20927,-0.45162,-0.62572,0.42096
uhAeGBHo,-0.075343,-0.54839,-1.2287,0.86968,-0.8084
ujHNlqpw,1.0899,0.72551,1.358,0.085198,-0.89538
ulV6kuhB,-0.34277,-0.10398,0.073205,-0.34669,0.54345
uohEnNEK,-0.5053,-0.088322,-0.91519,1.0073,-1.0534
v1lhA8I4,-0.31634,-0.22594,0.35338,-0.58458,1.3856
v3JzigLI,-0.57952,-0.34265,-0.65831,-0.73833,-0.011292
v5IwjyIg,-0.47309,-0.094286,-0.65153,-0.32279,-0.79104
v6lp5TK1,-0.2263,0.0095315,0.49936,-0.80266,1.2887
v8vOaaWq,-0.31797,-0.40871,-1.0923,0.10134,0.10315
vAYKtoil,-0.55318,-0.19959,-0.57114,-0.33379,-0.73752
vGTNQa6G,2.7956,0.03259,2.0914,1.3304,-0.53573
vQzNxHoL,-0.41859,-0.0050353,-0.47353,-0.4203,-0.56493
vfZGBUJm,-0.14373,-0.26047,-0.12181,0.058347,-0.61017
vlooVUoT,-0.004686,-0.11146,-0.48928,1.172,-0.87083
vrACvd4O,-0.37639,-0.68263,-0.35874,-0.4216,-0.28732
w8hdjLwb,-0.58895,-0.088075,0.0026872,-0.69411,1.0397
wAntv4gH,0.26781,0.66757,1.7887,-0.71263,0.47515
wIUL09q0,-0.54444,-0.42014,-0.86348,-0.72916,-0.056617
wOzx7Fgz,-0.21962,-0.57321,-0.17195,-0.45659,0.0070533
wPhjhCJQ,-0.48631,0.061105,-0.58191,-0.59026,1.3078
wQSWWmYB,-0.24329,-0.37279,-0.48929,-0.40748,0.5216
wdIMrXwy,1.9807,0.095573,2.5794,-0.41812,-0.39824
wiL9npQc,-0.57251,-0.098607,-0.57739,-0.78752,1.0495
wnU95Cxn,1.4181,0.64854,1.9,-0.49893,-0.76146
wpJbbjJs,0.14743,1.2127,0.9904,-0.28288,-0.022446
wsOWTAbI,1.2945,-0.083581,0.95644,1.7159,-0.87642
wtdBcU3U,-0.42895,-0.33642,-0.47973,-0.83591,-0.25874
wuKXVxOc,-0.43144,0.0285,-0.82253,-0.63821,0.50818
wyzadAt8,-0.55403,-0.34165,-0.69232,-0.43604,0.70727
wzaKzYwi,-0.065342,-0.30453,0.57942,-0.82672,0.8118
x6GCk4EV,-0.32293,-0.084871,-0.19425,-0.39701,0.3855
x6lUi3vf,-0.064522,-0.43171,-0.039799,0.5133,-1.2287
x8mwDHv9,-0.43662,-0.38611,-0.29125,-0.37711,-0.082014
xIYm6puH,0.92765,0.85847,0.39035,0.93926,-1.1502
xO6UdpsK,0.66901,0.93741,0.83441,-0.24703,-1.1205
xQ2bkOvj,-0.40052,-0.44375,-0.53885,0.47817,-0.92949
xeXyDCEQ,2.8114,-0.073773,1.8638,1.1978,-1.2246
xrggHziO,-0.35728,-0.29243,0.39492,-0.63333,-0.034731
y1WMCmqQ,-0.47483,-0.34472,-0.6432,-0.52488,0.12227
yDngezhM,-0.27083,-0.35311,-0.50926,-0.63643,-0.40499
yLiFjMD0,-0.37128,0.027073,0.061099,-0.84572,0.69023
ySwEBO7w,-0.61145,-0.083205,-0.59395,-0.23032,-0.77585
ydC9UsSm,-0.15472,-0.27858,-1.0533,0.57183,-0.10234
ydEG4VBd,-0.45507,-0.039519,-0.84511,-0.39457,0.56729
yf76yWXc,-0.25997,0.72108,1.2228,-0.67475,-0.25759
yg70e63n,-0.52858,0.034239,-0.60887,-0.25982,-0.48704
ywxtlSKv,-0.56635,-0.36367,-0.74556,-0.50223,-0.09319
yzKPQPOR,-0.34133,-0.65856,-0.47732,0.29327,-0.65439
z5cnOnZ1,-0.22669,-0.56539,-0.46192,-0.55056,-0.56491
zFLkOE0e,0.10877,-0.084877,0.62563,0.37959,-0.95543
zGi72mxL,-0.6195,-0.40597,-0.53925,-0.34236,-0.79551
zN925UV3,-0.34188,-0.047591,-0.69198,0.59308,-0.93534
zTy2ih7e,-0.554,0.15621,-0.874,-0.44665,0.71799
zVFzAutw,-0.30706,-0.010077,-0.07512,-0.44028,0.30982
zYxNAkht,-0.53148,-0.3133,-0.54889,-0.73832,0.42454
zaWDBai3,-0.18946,0.481,-0.18834,-0.10825,1.4546
zg3u0Zsx,-0.45627,0.53802,-0.2879,0.073951,-0.096187
zlwLfdsS,-0.51487,-0.43859,-0.66614,1.5725,-1.1519
zmbKzVfl,-0.32315,0.21223,-1.3059,0.34185,0.012672
