PIDN,Ca,P,pH,SOC,Sand
09gt9UK5,-0.64295,-0.3174,-1.1216,-0.65892,1.0568
0BVvxJ6a,0.27566,0.029047,0.77297,0.28324,-0.70391
0KbdgApg,-0.077928,-0.19544,-0.10623,0.099106,-0.9061
0MnuuduB,-0.34433,0.052031,-0.46441,0.67159,-0.92918
0PcIsF9z,-0.11227,-0.38422,-1.041,0.021402,-0.1664
0ShTFLYJ,-0.43198,-0.46009,-0.66566,-0.97989,0.043826
0XZh9jka,-0.46686,0.11733,-0.62758,0.75387,-0.97466
0Y7Wegri,-0.22676,0.11215,0.56977,-0.096661,0.60115
0dTqplIM,0.047112,-0.035256,0.19746,0.30204,-1.0201
0lNiZicC,-0.30688,0.012858,-0.72029,-0.48115,-0.26854
0rGeJ0QN,-0.38876,0.10688,-0.41329,0.26483,0.11413
0sXI9ytQ,-0.49935,0.07669,-0.42117,-0.80761,1.6171
0ukt4aP6,0.6606,0.38407,1.4215,-0.61535,-0.019618
1AGspb8f,-0.37543,-0.67985,-1.3845,0.53573,-0.90002
1Csy0gvE,-0.43385,-0.19648,-0.41007,-0.62734,0.56362
1Ic2hly1,-0.3234,0.31817,0.034487,-0.064281,0.40001
1PPbaTwt,-0.159,-0.36538,-0.32315,-0.56632,0.16351
1SO5VJNy,-0.38002,-0.0044107,0.054655,-0.53659,0.75995
1arHxK3Y,1.1662,0.66291,1.2922,0.44839,-0.62204
1fCW4Bba,-0.35115,0.1379,0.10956,-0.34119,0.38131
1qDZNvIm,-0.52113,0.0093661,-0.27636,-0.75993,1.2949
28LYJC2V,-0.46103,-0.27288,-0.9321,0.77841,-0.32217
2CzACvQq,0.5951,0.49271,1.4068,-0.34775,-0.50967
2FT3crfv,-0.38207,-0.11075,-0.29394,0.15518,-0.78586
2Fy2uHVg,-0.53286,-0.12986,-0.49034,-0.5931,-0.31873
2MkMEApm,-0.33393,0.32122,0.25868,-0.67765,0.63285
2NDGWEOe,0.58583,1.1891,1.719,-0.60976,-0.40452
2NyyCiqn,-0.43837,0.022163,-0.1032,-0.47098,0.67551
2QRzIb84,0.68022,1.0342,2.1083,-0.28047,0.15121
2QcbdrUZ,-0.33112,-0.18075,-0.048216,-0.37287,0.42058
2YgAimWK,-0.31767,0.29396,0.43115,-0.5807,0.62963
2cx85d9H,0.2395,-0.34752,-0.0057768,0.19802,-0.95413
2homMXMV,-0.20961,0.23568,-0.82701,0.13914,0.49509
2ldLrUtq,-0.37517,-0.4554,-0.33609,-0.50597,-0.43853
2nsACW6G,-0.10253,-0.27138,-0.64795,1.3254,-0.95836
2yMbVnWc,0.22848,0.37027,-1.0303,1.868,0.076382
36r8sgGQ,-0.39855,-0.17709,-0.18069,-0.77864,0.85631
3NXAXCl3,-0.35778,-0.46915,-0.80882,0.296,-1.0577
3QG0z6fl,-0.45489,-0.2725,-0.71188,-0.39202,0.047934
3WS8R9qm,-0.18874,-0.21445,-0.57039,1.789,-1.1808
3fRLm8f5,-0.37468,-0.2535,-1.0494,0.12743,0.65877
3mZhp1nQ,-0.53903,-0.23563,-0.39952,-0.55303,0.40885
3pikJXRL,-0.33635,-0.2,-0.80185,0.36233,-0.971
3pxOEGHL,-0.55495,-0.26877,-0.50766,-0.69036,0.81018
3ttdV3f5,-0.41308,-0.16689,-0.25627,-0.38477,-0.46999
3v4X6Mfe,0.78845,0.29295,1.5338,-0.66349,-0.027793
3wORuPiv,-0.59609,-0.3554,-0.68252,-0.32719,-0.79756
43EfrxZj,0.017452,0.079657,0.026458,0.641,-0.55389
457Vwm21,0.048205,0.15217,0.59371,0.26807,-0.16817
46KNnOdx,-0.36492,0.34237,-1.4344,0.025489,0.035786
47TwNsVC,-0.38624,-0.42683,-0.98414,0.8223,-1.1772
49856RpO,-0.39739,-0.35426,-0.77802,-0.48495,-0.90136
4Ane1o2N,-0.43212,-0.68695,-0.55919,-0.52478,-0.054169
4AyVUgSc,-0.36963,-0.30457,-0.68445,-0.66103,-0.46184
4B1951On,-0.18004,0.042899,-0.099931,-0.39444,-0.0069983
4OL39Teo,-0.017703,0.60461,0.03929,0.7092,-0.32799
4eQ90eLY,-0.26374,-0.049155,-0.18909,0.45903,-0.50071
4o5jwMj8,-0.38788,-0.17151,-0.38194,-0.6538,0.31167
4vPgpl2c,-0.31772,-0.41477,-0.32425,-0.52828,0.68045
51r9aA0d,-0.38375,-0.3063,-0.62097,-0.75473,-0.55486
58SmeRoP,0.087204,0.017229,-0.14844,0.023578,-0.39793
5HJp1AXn,-0.4365,-0.18078,-0.64,0.84225,-0.22305
5MBZW7fx,-0.25331,0.25131,1.0671,-0.4936,0.0039985
5Nq3gHaP,0.34104,1.2517,0.3899,1.2052,-0.28144
5RmwFFK3,0.7832,0.554,0.47932,0.37111,-1.0958
5Tu5Jbov,-0.62406,0.0048044,-0.63702,-0.24871,-0.4218
5YEolkev,-0.46127,-0.50507,-0.20687,-0.60269,-0.53203
5a8sf6QV,-0.014759,-0.15886,0.33817,0.012175,-0.79204
5eSvmqYm,-0.41702,-0.20936,-0.25235,-0.58564,-0.2806
5hkN8fiv,-0.26344,-0.4704,-1.0225,0.74334,-1.0205
5oK8Gti5,-0.63977,-0.31832,-0.52125,-0.65162,1.3366
5paniGaU,-0.58277,0.033597,-0.89724,-0.77011,1.5454
5vsr7ZUP,0.66354,-0.23707,1.0312,-0.10332,-0.72293
60B4xMWI,-0.45679,0.49737,1.2947,-0.96116,0.69895
64jOUtKy,0.40781,0.77852,0.16982,1.7047,-0.82782
6AJo4xNG,-0.12782,0.24277,0.01554,0.25878,0.043188
6CAvhEte,-0.2485,-0.29232,-0.59553,-0.4594,0.16502
6CuGYjT5,2.3918,-0.24808,1.8014,0.54953,-1.2363
6DGH8ujZ,-0.30509,-0.28073,-1.1084,0.11248,-0.61354
6PzsGdVm,-0.22521,-0.31256,-0.84056,0.34804,-0.58057
6UcSJMbq,0.13783,0.28067,0.81401,-0.84974,0.070742
6WJbkH8U,1.0635,-0.16929,1.5161,-0.26239,-0.8435
6eUWsVzw,0.14916,-0.16396,0.96794,-0.10612,-0.58646
6gNyO7Do,0.19631,-0.21501,0.15421,0.35093,-0.87153
6jT0AyHe,-0.12664,-0.34853,0.1455,0.30931,-1.0746
6nBgCvWu,-0.40849,-0.11525,-0.081347,-0.48333,0.82174
6ro5mqg6,-0.30308,-0.30303,-0.27419,-0.42477,0.23119
6sGqObX4,-0.70785,-0.1167,-0.65737,-0.25023,-0.50967
6uEGy0n4,1.7454,-0.024034,1.8616,-0.20449,-0.97219
7BZ4LxP8,-0.040691,-0.4069,0.22923,-0.18997,-0.6969
7CmigXKi,-0.32509,-0.14327,-0.76396,-0.56446,-0.03472
7Ga0LpfR,1.0448,1.4674,0.025429,2.1102,-1.0097
7PQsFvsG,-0.27249,-0.38626,-1.3053,0.99116,-0.70445
7aF7nnwn,-0.57264,-0.28741,-0.59299,-0.89467,0.5897
7asGzfX9,-0.20345,-0.069355,-0.066945,-0.19905,-0.11726
7cg7C92o,0.045261,1.5654,0.32552,0.78044,0.13892
7eOxTpsB,-0.3009,0.16015,0.51731,-0.65787,1.1431
7ey0v7ma,-0.3521,-0.46186,-0.60443,0.26936,-1.1044
7gocyrYl,-0.29185,-0.15674,-0.46621,0.97954,-0.18132
7gqR3GoA,-0.49557,-0.44028,-0.67432,-0.42266,-0.4333
7og7aUXB,-0.35,-0.11366,0.017764,-0.15902,-0.43195
7onRfa8F,0.10044,0.23135,0.31736,-0.35672,0.65547
7umkNuxM,-0.21827,-0.40846,-0.19755,0.1729,-0.46497
7vPr9ExD,-0.041446,-0.037621,0.18037,0.03191,-0.79265
7zNjpCzu,-0.43088,-0.20193,-0.39348,-0.19835,-0.60292
7ztsQNj3,-0.58478,-0.088224,-0.56402,-0.21363,-0.39623
86gppwMI,-0.50193,0.12223,-0.68111,-0.35477,0.86678
88thAGdL,-0.36634,-0.027745,-0.2021,-0.35022,-0.26623
8GhU8STP,1.2308,0.39649,1.3864,0.28978,-0.99734
8NlzDcWe,-0.38581,-0.35215,-0.81254,-0.62947,-0.25141
8QAejdLW,-0.15884,-0.15649,-0.21979,0.13624,-0.99604
8RDeFxWM,-0.42752,-0.1021,-0.19793,-0.6329,1.2362
8UXP2NBS,-0.37548,-0.36482,-0.10092,-0.49482,0.44951
8ZoV3KGT,-0.291,-0.22695,0.074324,-0.30172,-0.49046
8ajs2uG8,-0.47158,-0.21254,-0.84534,-0.30959,-0.46894
8bXnz62p,-0.25884,1.1936,0.41319,0.30936,0.7209
8nO1O1LG,1.8665,0.44064,1.3735,1.4611,-0.84664
8xE1p8g8,-0.579,-0.066873,-0.55961,-0.43033,-0.17582
8yMDVMRM,-0.48838,-0.25362,-1.0786,-0.5505,-0.66148
98R5VaPi,0.87722,0.34509,2.1979,-0.69442,0.78377
9DcTz2Ua,2.6298,-0.016774,1.9579,0.8901,-1.0621
9G7nfUrK,-0.28456,-0.12306,-0.27805,-0.46681,0.1993
9O6GZ1HT,-0.14212,0.43184,0.98915,-0.74987,-0.37778
9S7fCoAM,-0.37146,-0.14258,-0.034943,-0.38748,0.4626
9iQwmFJR,-0.28895,-0.34825,-0.12273,-0.61626,0.060978
A3Mt6SAQ,1.2753,0.087847,2.3359,-1.0707,0.44768
AJIsQIcV,-0.38522,-0.22054,-0.64163,-0.49403,0.3385
AMHKXMh8,1.7619,0.27283,1.7902,-0.08409,-0.77354
ASwA2J4E,-0.35032,0.082414,0.1275,-0.4691,0.75372
AaFvEoHq,-0.5165,0.41475,0.6922,-1.0505,0.94533
AiIPD6hX,-0.4339,-0.21629,-0.5738,0.48997,-0.47667
AsIURvJS,-0.49138,-0.38514,-0.82534,0.69764,-0.91562
AsvgbJ0C,-0.10948,-0.19907,-0.65598,0.65571,-0.19125
AxEhbkCM,-0.38551,0.36836,-0.52267,-0.59884,-0.34666
B7VPkIpx,-0.66095,0.34707,0.87484,-0.79684,0.76605
BBwHqHiH,-0.11589,-0.26125,-0.042195,-0.01071,-1.0061
BMyps8hr,-0.30453,-0.32658,-0.35535,-0.16261,-0.50707
BUHS4dQw,0.45789,0.42736,-0.078723,3.053,-0.7983
BZB3EYWQ,-0.33933,-0.024269,0.071655,-0.4208,0.72074
C5UPCZcL,3.1579,-0.24685,2.0131,0.7344,-1.0537
C5gIfQbJ,-0.26123,-0.21544,-1.0209,1.5573,-0.97936
CDRuu4Pn,-0.50193,-0.29299,-0.28198,-0.7609,1.0836
CQhTYkqE,0.27659,-0.010952,0.69542,0.37931,-0.92918
CSEobMXv,-0.1795,-0.15974,-0.73708,1.0064,-0.74324
CYMQE4x0,0.042159,0.74891,1.3125,-0.27216,0.64988
ChQdtl4J,-0.41364,-0.21967,-0.11265,-0.53529,0.25829
ChnD1nrN,-0.32928,-0.27285,-0.63342,-0.61413,-0.51306
CvtbbIcq,1.3751,0.36947,1.6556,0.010464,-0.25005
Cxk06b77,-0.31693,0.7662,0.69828,-0.018195,0.18012
D3QD3ZEJ,-0.071957,-0.16069,-0.32176,0.59864,-0.12208
D8J5C6lA,0.53908,1.1313,1.0796,0.00062712,-0.79438
DCeQwYfT,-0.12761,-0.13048,-0.010355,0.18835,-0.39589
DDEftkx3,-0.55987,-0.018513,-0.77664,-0.70886,1.332
DEwCfeDW,-0.44456,0.79918,-0.11781,0.18458,0.77611
DMkIV4oL,-0.50806,-0.20486,-0.66078,-0.71414,0.89811
DnzGfbxS,-0.20649,-0.21973,-0.086807,-0.073775,-0.75299
DoZxo6f6,-0.36499,-0.010368,-0.09248,-0.58867,0.63148
DvhBPGIk,-0.64205,-0.52856,-0.47603,-0.55173,-0.29367
Dx7GoUcT,-0.45722,-0.15744,-0.12774,-0.61913,0.91876
E5hIjohO,0.3441,-0.24258,0.45239,1.0668,-1.4431
E6x4XGHt,-0.67207,-0.22288,-0.68483,-0.75001,1.1402
EDEpAzh1,-0.5629,-0.11931,-0.56651,-0.35707,-0.46216
ETGudkQt,-0.35894,0.39062,0.25592,-0.53702,0.22911
EUleKrLJ,2.1312,0.064545,1.7549,0.74571,-0.82466
Ehw2Jz6s,-0.41261,-0.0097939,-0.58723,-0.52038,0.098066
EjqzC4zH,-0.66277,-0.01857,0.44354,-0.9053,0.62949
EkMZO3Qj,-0.3906,0.7191,0.23783,-0.61117,0.51776
EnoNXWvU,0.10075,0.36638,0.91471,-0.85171,-0.060239
Epv8ANwr,-0.34357,-0.41379,-0.43177,0.39878,-0.065767
Etro9j0B,-0.084466,1.9855,0.39395,-0.036948,-0.0041313
F3MIZj76,-0.0059976,-0.16669,-1.1523,0.22546,-0.89763
FB8tU00K,-0.50014,-0.31738,-1.0141,0.5989,-0.27549
FLhxBGMK,0.036288,0.053706,0.36544,-0.10799,-0.91315
FRreR8ka,-0.42034,-0.23208,-0.36661,-0.25779,0.17294
FXne4oAV,0.40731,0.98138,0.9355,-0.25405,-0.82697
FaW764jk,-0.33048,0.9893,0.76933,-0.22754,0.54989
FeAbMXly,-0.61406,-0.33187,-0.88668,-0.6282,0.91438
FeudaFXn,1.7076,-0.33527,1.8539,-0.37247,-0.85772
FldUmFeM,1.7882,-0.12727,1.9869,-0.74575,-0.13093
Fnv5tfAm,-0.74447,-0.1071,-0.70075,-0.15595,-0.48778
FvrAd3Or,-0.08114,-0.15817,0.78135,-0.95321,0.47275
G48zHffi,0.24341,0.4042,1.3824,-0.86244,0.57429
G76zCv5N,-0.45532,-0.49248,-0.68809,-0.44451,-0.25127
G7JGUdNf,0.068312,-0.30019,0.32001,-0.026768,-0.92181
GCo6MONx,1.1109,-0.092959,1.0561,0.44278,-0.95898
GE0vbpVQ,-0.29463,-0.10613,0.2265,-0.68813,0.6688
GN0DfOqt,-0.303,-0.2677,-0.30453,-0.63303,0.13594
GNsTAb1v,-0.50398,0.0031662,-0.60644,-0.31291,-0.80078
GPwmO21z,-0.48794,-0.53267,-0.51319,-0.10063,-0.4085
GQYpfLoh,0.87224,0.27501,0.26136,0.5534,-1.1088
GR9knT8n,-0.25936,-0.38417,-1.2392,0.87459,-0.73473
GXtFFbZy,0.44346,0.33122,0.36502,0.11774,-0.14139
GYvzvvFD,-0.57464,0.31498,-1.2579,-0.117,0.26699
GemPjTJ9,-0.1723,-0.13277,-0.94419,0.62357,-0.76778
GkLYRm1K,1.7927,0.074549,1.8393,-0.28478,-1.0224
GmlqP8eI,-0.46273,-0.33742,-1.0214,-0.65558,-0.63514
GqkIrOvf,-0.34151,-0.19748,-0.84209,1.1983,-0.89523
H0fsegPi,-0.46467,-0.16624,-0.39373,-0.55201,0.46565
H4dHpJjU,2.0544,0.11205,1.6605,0.8066,-0.89712
H5QwJCuU,2.3293,1.6816,2.0175,0.77795,-0.7769
H5uwmSZ0,-0.49987,-0.17363,-0.43883,-0.78886,0.51298
H8MtbVoL,-0.2229,-0.12661,-0.10255,-0.34613,-0.58299
H9JrUYnp,-0.37058,-0.14885,-0.23121,-0.14187,0.21749
HHYmmHVk,-0.53697,-0.20418,-0.48334,-0.77415,1.3012
HJ5U4uqL,-0.52625,-0.24679,-1.3412,-0.45659,-0.39954
HNQxYc4w,-0.31275,-0.34123,-0.31189,-0.64838,0.037339
HQYhKHZ8,-0.46838,-0.17538,-0.85176,-0.52241,-0.35413
HSCMx0MC,-0.43769,0.046697,-0.21844,-0.58549,1.0967
HXYuE0fx,2.338,-0.21001,1.8218,0.2815,-1.0345
HdKcxEWr,0.1409,1.0278,0.77386,0.64813,-0.2562
HecW1iCC,-0.61649,-0.31777,-0.58584,-0.57593,-0.70058
HpbKB8rv,-0.21844,-0.2153,-0.82884,0.5522,-1.1395
HrkoYjCg,0.062119,0.92821,-0.40654,1.4786,-0.74347
I5P2uquT,-0.2747,-0.067069,-0.029037,-0.44542,0.2184
I94qkDM7,-0.53096,0.11721,-1.0363,-0.27054,0.44819
I9sQbtt8,-0.19859,0.11226,-0.8708,1.741,-1.0981
IFxgw6ZX,-0.71034,-0.34387,-0.33557,-0.64099,-0.28702
IPPPSyoU,-0.48809,-0.45566,-1.0886,0.073272,-0.83806
IQOYQubU,1.7976,-0.20079,1.5758,0.2234,-0.83612
IYNE2SxU,-0.57428,-0.065381,-0.53173,-0.084541,-0.44512
IZRFk9kN,-0.33605,0.071374,0.090106,-0.28694,-0.11819
Iaq3v0t3,1.4246,0.15094,2.3345,-0.89574,0.23455
IbVwu1t6,-0.34871,-0.4298,-1.0806,-0.17192,-0.67952
IcHKTLyo,0.085871,-0.13593,-0.014319,0.032844,-0.95327
IpW80wVB,-0.057854,-0.31527,-0.48241,-0.052496,-0.34738
Itb0PYUV,1.8362,0.024211,1.5482,0.93358,-1.0285
J8fpSwS0,-0.50913,0.30164,0.50378,-0.90537,1.0965
JE1SlbD0,0.69934,1.0764,0.47774,2.1546,-1.1604
JEB4McNb,1.0059,-0.092933,1.4379,-0.23528,-0.86618
JEE4QVeQ,-0.038849,-0.244,-0.13995,-0.23085,-0.71687
JJSEU2VQ,-0.55591,-0.13688,-0.53866,-0.61794,0.9668
JSsVriP2,0.14772,-0.29162,0.83213,-0.81303,0.019695
JUvQNiOK,-0.029459,0.51331,0.82552,-0.39926,0.45921
JZbrRtm2,0.2186,0.16643,1.372,-0.84179,-0.29971
JcE9G92B,0.0020427,0.16415,-0.086549,1.1149,-0.60855
JnNYpXHr,0.59607,1.851,0.21457,2.1444,-0.68039
JzpbnOtz,-0.44201,0.36475,0.14353,-0.61072,1.0546
JzzUhPQp,1.7901,0.70954,1.8593,-0.17726,-1.063
K05R8dQK,-0.37513,-0.24173,-0.80891,0.80383,-0.49581
K17pG2mG,-0.20729,-0.32071,0.43381,-0.82325,0.83937
K8BellUe,0.00079967,-0.60935,0.16083,-0.17175,-1.1905
KJ2eH6rr,0.00087177,0.10493,0.11197,-0.29874,-0.61729
KJEJ6Glk,0.5878,0.59735,0.42701,1.5646,-1.2053
KSbO0oXS,0.37624,0.78066,0.16033,1.9778,-1.0207
KXtvmd01,-0.42139,-0.33967,-0.30231,-0.52563,0.21718
KYiJqBuJ,-0.024756,-0.33582,0.69301,-0.46905,-0.62263
KmbAyTcE,-0.2815,0.12901,-0.095659,-0.36155,-0.32701
KnNyl3rV,-0.039065,0.022956,1.335,-0.43896,0.81138
Kp2DG8TZ,-0.75842,0.28723,0.65734,-0.86848,1.1685
KqQtKWs5,-0.52338,-0.27528,-0.75043,-0.60386,-0.10969
Ku27g63R,2.7624,0.55785,2.0751,0.5814,-0.72345
L2aTVqDq,-0.38648,-0.41286,-1.1614,0.69767,-0.8182
L5jvq6G4,-0.54796,-0.21471,-0.57568,-0.66134,0.23893
L91hYVQl,-0.49567,-0.32108,-0.72663,-0.87872,-0.33774
LINAMlbA,-0.25443,0.14317,-1.0817,0.25291,0.456
LJoUNXSx,-0.26812,-0.13282,-1.2747,0.095566,-0.58402
LLtSiyWD,-0.53395,-0.31029,-0.65989,-0.46108,-0.0011199
LQJtV8kn,-0.079929,-0.034685,0.4789,-0.19745,-1.0398
LW9uddw7,-0.2863,-0.29099,-0.61091,0.90248,-1.2366
LZ6sdBTR,0.94042,0.30393,1.1371,0.21636,-0.60594
La2Vhnne,0.4728,0.062378,0.49952,1.4295,-0.57374
LaUWSq9B,0.017008,-0.14091,0.22103,0.0081548,-0.82769
Lk4SfkPQ,-0.54851,-0.39713,-0.79262,-0.11151,-0.89698
LllC836d,0.048411,0.20188,-0.71106,0.66247,-0.2903
LuGiGeWN,-0.42775,0.079166,-0.88421,-0.07841,0.64751
LzcyHcWa,-0.48589,-0.069466,-0.51834,-0.63065,1.061
M7veP0H4,-0.37545,0.30144,-0.093056,-0.22749,0.72935
MB8aaJUc,0.093185,0.50513,-1.0793,1.0023,-0.15878
MDpe2zuy,-0.53286,-0.23802,-0.54816,-0.43213,-0.50229
MEzdmEIU,-0.43142,-0.26554,-0.24641,-0.41316,0.15952
MVnhtivm,-0.31419,-0.43743,-0.60951,-0.23713,-0.51879
MYU7WDis,-0.77,0.26756,0.86041,-0.98173,0.9694
MZFqh6yw,2.1418,0.5627,2.2317,0.0050033,-0.14501
Mdgy4SsO,0.94463,0.73147,0.35448,1.5073,-1.1816
Mj8awnzy,-0.39186,-0.032273,0.33661,-0.71789,1.251
MpFPbUJy,1.8502,0.373,1.573,0.75824,-0.93526
Mqk7MFBM,-0.27692,0.5933,0.51086,-0.69661,0.61538
Mqs2t1Eo,-0.59493,-0.14868,-0.62728,-0.16376,-0.35934
Mv3jFVxp,-0.33131,-0.25084,-0.064585,-0.20481,0.38069
MxODTXvA,0.08361,0.059614,0.34703,0.085655,-0.96213
N46PbpPM,-0.40072,-0.1544,0.11697,-0.6391,1.5644
N5S5F9Gk,-0.4807,0.40907,-1.0496,-0.10308,0.71374
NLDg5fqw,0.23824,-0.2607,0.068665,-0.37966,0.025034
NOho2ZiM,2.531,-0.1602,1.8682,0.59362,-1.1868
NUuY7PFU,1.97,0.3186,1.4898,1.2002,-1.2166
NV1e8AEO,-0.42439,0.11542,-0.0997,-0.54632,1.2082
NZLXROKC,0.027641,0.087464,0.35181,0.46649,-0.79364
NaJo7C6o,0.39666,0.27798,1.1849,0.10203,0.069123
NgsyGkrO,0.085324,-0.14901,0.43437,0.66105,-1.1559
NjOx4Zpo,-0.40088,-0.31824,-1.2197,1.3743,-1.0146
NmQoI7x0,1.6797,0.61466,1.9111,-0.57631,-0.14894
No4wkdLS,-0.33467,-0.12656,-0.73764,-0.61434,-0.30856
NouMwhOf,-0.35237,-0.45796,-0.015473,-0.34365,-0.68153
O6YAWd8C,-0.077454,-0.28154,-0.12349,-0.12125,-1.0238
OAXVphSh,1.9746,-0.13183,1.6818,-0.10193,-0.058212
OJBBhb6Q,-0.53554,-0.35313,-0.33825,-0.84591,1.2728
OSIQXImL,0.30569,-0.063516,0.71055,0.16081,-1.2944
OUUFc5Zz,-0.42227,-0.28015,-0.071715,-0.72798,0.7432
OVk1lquT,0.40394,1.4644,0.23635,1.7146,-0.084272
OXdRxjzz,-0.18617,-0.47211,-0.77203,0.25132,-0.91541
OXxW2ekf,-0.45379,-0.31323,-0.32071,-0.83804,-0.055097
OXz5OpqR,-0.30305,1.0131,1.1534,-0.40193,0.45295
OcBFW1AX,-0.084452,0.38961,-1.0441,0.37035,0.4755
Of9V2rpt,-0.066386,-0.081896,0.233,-0.026805,-0.47411
OfLxPhbG,-0.26585,0.047948,-0.093347,-0.32275,0.63902
Ojx2vi48,-0.45922,-0.35614,-0.67,-0.76357,0.14826
P3M32iuT,-0.6065,-0.33098,-0.75913,-0.93853,-0.040234
P7olVzrO,-0.065155,-0.14908,-0.225,-0.22773,0.40784
PAPHErnv,-0.42043,-0.10734,-1.1593,-0.099582,-0.49599
PBjEtfXb,-0.39115,0.17915,-0.29825,-0.53793,0.49643
PZGpoBBj,1.7748,0.0048715,1.9205,-0.23431,-0.97758
Pc2RrxXS,-0.30692,-0.55784,-0.38449,-0.60994,-0.33597
PcHQ4FOu,-0.45596,0.044071,-0.48344,-0.24049,-0.048001
PeNyTOVN,-0.36169,0.37458,-0.1451,-0.060751,0.30318
PhUPSU53,-0.51082,-0.29733,-0.59103,-0.26451,-0.30499
PmUNeV2O,-0.3014,-0.27116,-0.93743,-0.64011,-0.31764
PoDJ0uvK,1.7725,0.63664,1.794,0.35967,-0.53016
PsUJdJdg,-0.33447,-0.17143,-0.39013,0.88811,-0.43085
Q3xLFx1f,-0.36973,-0.23999,-0.89102,-0.17221,-0.37115
QBGxCvdM,-0.045895,-0.27437,0.11373,-0.15128,-0.86533
QCEPyu6L,-0.5084,-0.39387,-1.0135,0.33374,-0.59082
QEfwec4s,3.1838,0.18244,1.939,1.9428,-0.81961
QZ87Nnr3,-0.40789,-0.10512,-0.20614,-0.5021,0.62295
QlyGN9jv,-0.59091,-0.13816,-0.58365,-0.28221,0.42254
QqgWE1ny,-0.44697,-0.003823,-0.39388,0.037898,-0.5415
QrjjBpZd,-0.25959,-0.20468,-0.90732,1.3302,-0.87798
QsaBiX7V,-0.41483,-0.039645,-0.1481,-0.068141,-0.18941
QtBKJuZk,-0.32515,-0.18221,-0.16257,-0.57829,0.43199
QtPRO8OJ,-0.4771,0.021325,-0.88749,-0.46144,0.40143
R8XcsFnp,-0.34287,0.26314,-0.043032,-0.49195,1.4917
RROfRt9z,-0.29995,-0.3375,-0.10925,0.06211,-0.94966
RTcbiDGq,-0.41846,-0.37492,-0.62272,-0.45287,-0.19856
RVidM9g0,0.037388,0.50972,1.5388,-0.94515,0.88798
RZnQSH19,-0.53765,-0.20283,-0.51547,-0.60394,0.77408
Rc4UK7fT,-0.57806,-0.13995,-1.0412,-0.13927,0.49356
RcKBKh6B,-0.32115,0.076446,-0.39678,-0.48149,0.34584
ReM5kDa5,-0.090861,-0.11987,0.10555,0.011559,-0.82643
RfntsotG,-0.4894,-0.2145,-0.54246,-0.73583,0.4621
RiXMlzXD,-0.2024,-0.35024,-0.25916,-0.46258,-0.58293
Rik83O3m,-0.42279,-0.070076,-0.51357,-0.33459,-0.27096
S3PCzDzO,-0.3896,0.016145,0.77035,-0.78213,0.31197
S77BviOJ,-0.44589,0.050249,-0.48256,-0.26887,0.045332
SDdvtktF,-0.35972,-0.29077,-0.67785,-0.15911,-0.75889
SHs1AyfM,-0.27077,0.033748,-0.19237,-0.48602,0.84846
SO4zQy9k,-0.48908,-0.17576,-0.26561,-0.6228,0.66137
SOOBCoiG,-0.41704,-0.36923,0.069655,-0.56622,0.7903
SXkkPB7A,-0.37304,0.23593,0.33114,-0.52576,1.1842
Sa93dGqq,-0.13808,0.49512,-0.96844,0.58891,0.66946
SonIG72a,-0.5138,-0.0013168,-0.52036,-0.1235,0.45807
Suf6hIBc,-0.34967,-0.045286,0.089582,-0.53632,0.88189
Sx2JeSRz,0.17765,0.10402,0.57889,0.4961,-0.38284
T1Tlftr4,-0.27796,0.47293,0.86038,-0.78234,1.227
T7ulR4ci,-0.54414,-0.18453,-0.08487,-0.83477,0.92806
TA1NB3Br,-0.35301,0.11425,0.107,-0.42495,0.69718
TFZUskaK,-0.010423,-0.094088,0.14141,-0.21392,-0.70759
TNL8HGWZ,-0.068545,-0.2088,-0.065923,-0.21975,-0.86768
TZ8z1GSF,-0.46432,0.10103,-0.67844,-0.40065,0.063851
TqhRvkJJ,1.3103,-0.20301,1.5095,-0.54236,-0.3658
TtJCUiY4,-0.48831,0.047023,0.02723,-0.95661,1.3112
TwDq0lua,-0.019806,0.12632,0.52566,0.13589,-0.42102
Tzyf02sI,-0.35832,0.18694,0.37944,-0.37975,1.0207
U3yI6ZS5,3.0231,-0.01163,1.8831,1.5667,-1.0492
UBLnXZAN,0.0031297,-0.024936,-0.99,2.5244,-0.65692
UBWDzleg,-0.33237,-0.58958,-1.4241,1.0789,-0.94198
UBqkX6SY,1.625,0.16919,1.7535,-0.08002,-0.93949
UCIAi1Aj,-0.088376,-0.29113,-0.6877,0.075257,-0.6382
UPbXGvCS,0.046791,-0.34618,0.16261,-0.022636,-0.96974
UeWm1l9F,-0.25392,-0.34409,-0.97508,0.91886,-0.58755
UhucscY7,-0.43784,-0.15759,-0.65838,-0.36272,-0.54617
Uri1SvHV,-0.061045,-0.26646,0.016865,-0.061037,-1.0845
UzxipGJS,-0.55732,-0.30024,-0.60494,-0.55407,0.43673
V74zfaAQ,-0.20967,-0.23394,-0.26402,0.01557,-1.0289
VBPxBLTh,1.988,0.11933,1.6357,0.66226,-1.0321
VLG7CXYS,-0.25141,0.061187,0.084018,-0.11821,0.50836
VNk52SpF,-0.32822,-0.37482,-0.99714,1.1801,-1.2806
VOREKsok,-0.53582,0.14266,-0.54973,-0.72694,1.5785
VRhTr5pX,-0.34967,-0.63079,-0.34327,-0.66637,-0.15715
VTcG4Kcw,-0.29294,0.5441,0.77597,-0.50857,1.0003
VeKiWSbS,-0.37596,0.066886,-0.099874,-0.43429,0.53737
VnU8nJHU,-0.43688,-0.158,-0.14938,-0.39384,-0.1429
VueNCxYv,-0.41165,-0.16153,-0.23958,-0.15068,0.33789
VxuQTRUl,-0.43853,-0.17714,-0.27129,-0.39511,-0.32356
W5lgaocA,1.5535,0.62819,2.4463,-0.3698,0.068657
W5mMq9Ef,-0.41035,-0.26868,-0.78257,0.3786,0.21995
WDhNqFpS,0.010075,-0.21429,-0.20426,1.2165,-1.4402
WE6n1kZi,-0.40014,-0.4558,-1.2791,0.26453,-0.76347
WFk6r3vA,-0.56039,0.0068124,-0.45794,-0.39561,-0.019669
WFyIrsUR,-0.51567,-0.6372,-0.61679,0.65214,-0.91297
WG6ZAsqR,-0.57308,-0.031796,-0.77536,-0.78268,1.2838
WMq3CZQk,-0.46661,-0.47674,-1.2649,0.69733,-1.1628
WRskmGjh,-0.53667,-0.20766,-0.48569,-0.53003,-0.42034
WXijSglj,-0.35762,-0.36339,-0.87125,-0.44328,-0.7975
Wc0stQgu,-0.31298,-0.41329,-0.97677,0.30715,-1.0953
WewoSCUB,-0.47724,-0.38208,-0.87696,-0.75884,0.10559
WuHuhHWJ,-0.33446,-0.10413,0.19187,-0.58663,0.85099
Wv7EBtZb,1.1361,1.0029,1.5078,0.13634,-0.93737
WyPlxDn0,-0.4948,-0.015295,-0.18118,-0.67326,0.99615
X3WqoSNN,2.1458,-0.21913,1.5766,0.53849,-1.1906
XDhyP9KB,-0.64401,-0.21854,-0.68789,-0.1642,-0.56856
XQxhDRMG,-0.39241,0.15436,-0.9512,-0.094787,0.54487
XjLNAwxW,-0.17143,-0.39156,-0.24384,0.32426,-1.3401
XjfVQbXd,0.39485,0.79916,1.8675,-0.46694,-0.40253
Xovczbf6,-0.54071,0.020655,-0.76036,-0.73029,1.6149
Y8H4onBf,-0.57329,-0.32846,-0.57608,-0.60937,-0.20521
Y8YgzSZ9,1.7781,1.2105,1.6474,0.84557,-0.59025
YC4PNV20,-0.46562,-0.14119,-0.18434,-0.53626,0.89919
YDHSCRdd,3.339,0.026172,1.8739,2.18,-0.72611
YIJ87aME,-0.41737,0.039455,-0.12938,-0.30856,0.021387
YKvT4dFv,-0.33533,-0.49261,-0.59399,-0.11687,0.24484
YNebALR2,-0.46525,0.22302,-1.1051,-0.20963,0.28586
YNrnqFyb,-0.1047,0.32487,0.042129,-0.047555,-0.033365
YUZ4lR3m,-0.37528,0.00038633,-0.1906,-0.44528,0.40506
YYLvjoVC,-0.11137,0.33221,0.36707,-0.29604,-0.047751
Yb8OtMb2,0.080418,-0.19507,0.40359,0.10272,-0.93664
Ycg4lTYw,-0.11208,-0.25899,-0.62174,0.54935,-0.97683
Yfk6tekH,0.21378,0.37942,1.087,-0.58209,-0.6786
YoSfgmR6,-0.55391,0.19662,-0.60814,-0.081808,-0.072898
YpzFvexy,-0.20549,-0.4155,-0.77496,-0.010849,-0.46701
Yxqppfa3,-0.17255,-0.18883,-0.024862,0.062536,-0.7582
Z16jTUvP,-0.40313,-0.20104,-0.43684,0.056232,-0.015055
Z2BdCCbJ,-0.37746,0.035392,-0.025377,-0.46454,0.99579
Z2JJMM6V,-0.086953,0.088888,0.064964,0.06518,0.32238
Z5jE1OB5,-0.425,-0.0078905,-0.14166,-0.2126,0.37563
ZFsIqYxA,-0.095804,0.074019,-0.45324,-0.04987,-0.17651
ZHDVsoRh,-0.51081,-0.42257,-0.70628,-0.30659,-0.44107
ZSmfu2Fc,-0.71155,-0.39336,-0.8214,-0.024821,0.059592
ZU8YXF3H,-0.52714,0.070055,-0.61016,-0.77808,1.5524
ZXKaNy6Z,-0.43562,-0.26063,-0.99449,-0.51772,0.41011
ZbYLo0zK,-0.12393,-0.31262,-0.14027,-0.70185,-0.064347
ZedN8Gcn,-0.52971,-0.35338,-0.45927,-0.62559,-0.32338
ZgD4Dau6,-0.20747,-0.39092,0.33172,-0.56051,-0.34122
Zgzf79LA,-0.43941,-0.39312,-0.9202,-0.69283,-0.26604
ZjqzxDOF,0.42215,0.61221,1.6359,-0.54341,-0.2129
ZsZ5aDpq,0.024109,0.52979,0.071672,0.83007,-0.93857
ZtyqE7If,-0.47511,-0.24628,-0.44183,-0.29642,-0.86959
ZvUgz01f,-0.34052,0.05517,0.62383,-0.93132,0.98988
ZwrhgdQV,0.71444,0.048423,0.80419,1.5043,-0.80246
a7bhJGBU,1.9754,-0.17042,1.4816,0.66624,-1.0332
aHpv6KzP,3.1882,-0.15335,2.0568,1.1223,-1.1538
aINzEBVN,-0.21045,-0.33348,-0.73739,-0.29991,-0.89267
aP9EtTGF,2.6218,-0.41219,2.1234,-0.1068,-0.97889
aV6EhtSL,-0.38226,-0.1303,-0.29245,-0.4696,-0.28301
aVZsXKoH,1.8876,-0.14365,1.9556,-0.29552,-0.925
aYVnVJvc,0.063997,0.018183,0.31495,0.41771,-1.0977
abCzN1zx,-0.46669,-0.49642,-1.216,0.47432,-0.93348
ae7sMiB4,-0.30037,0.28939,0.056558,-0.15459,-0.28925
afsVuCGV,-0.66003,0.080918,-0.62102,0.56342,0.25638
aiwBQETI,0.0021176,-0.16586,0.13874,-0.10466,-0.87727
aiyli4EI,2.0589,1.9075,1.6501,1.8202,-0.70783
apJ7NmzD,2.2389,0.15724,2.1565,0.087062,-0.86028
atVjNMtQ,-0.20597,-0.20186,-0.87007,0.98329,-1.409
b5GirVGV,-0.44133,-0.68894,-0.31486,-0.72014,0.31123
b9SpMjNB,-0.16249,0.22339,0.26644,-0.1839,0.90877
bAFs37yy,-0.45798,-0.31581,-0.15064,-0.76845,0.82266
bDia1hHV,-0.57119,-0.39725,-0.45828,-0.040434,-0.87964
bFkv5Mtr,-0.14803,0.19985,0.17804,0.34445,-0.17872
bHe2IXgA,-0.28758,-0.29994,-1.1413,1.1779,-1.3985
bWX3vUm5,-0.072952,-0.10613,0.082172,0.13668,-0.93594
bat8tcGs,-0.18575,-0.6421,-0.34996,-0.018945,-1.1485
bfjej4wu,-0.4916,-0.19049,-0.77566,0.21333,-1.0627
bh04YDiP,-0.44551,-0.52748,-0.47916,-0.0037722,-0.22428
c110Fdc8,-0.32926,-0.21322,-0.35923,-0.49764,0.24581
c32GUzMa,-0.42192,0.19825,-0.82568,0.10274,0.47574
cT6uU0B0,-0.32043,-0.29896,-0.64766,-0.29162,0.81247
cWXCiFwh,-0.55337,0.19754,-0.54112,-0.221,-0.25603
ceNvS3yd,-0.37815,-0.26676,-1.0856,0.012694,0.14645
cmwdt4Av,1.4949,0.00084601,1.5619,0.16505,-0.96071
cn4EHsup,-0.19133,-0.32597,-1.0341,0.043415,-0.38505
crVOGGTT,-0.23833,0.031682,0.062728,-0.83684,0.75085
csPEJ1E5,-0.43072,-0.20701,-0.30014,-0.54831,-0.39938
d0UrRtMk,-0.53663,0.079775,-0.53775,-0.80906,1.4956
d6LU4G4I,-0.26851,-0.12898,-0.61063,0.48414,-0.20921
d74T1DVv,-0.40823,-0.39608,-1.1424,1.6513,-0.88426
dR6rM1tQ,-0.073393,-0.55985,0.091201,-0.029951,-1.1036
dUNxOoqg,-0.40109,-0.060108,-1.1071,0.81312,-0.72352
dUnlyhj7,0.4445,0.0044661,1.3235,-0.76015,0.05676
dVDlnZQ6,-0.22488,-0.13515,-0.89563,0.52626,-1.0846
dVT26GDu,-0.30815,-0.10054,-0.29264,-0.68567,0.28973
de43ycXY,0.33143,0.54854,1.1942,-0.78835,-0.3426
dfIn7m9z,-0.6248,-0.45949,-0.80893,-0.36672,-0.31606
dhmb9ZY9,2.9835,-0.022414,1.9116,0.99943,-0.98648
dn8kCuyf,-0.33257,-0.17147,-0.55453,-0.57165,0.42244
dpcquvWW,-0.51291,-0.48864,-0.59268,-0.43364,-0.076212
dqcbIMyr,-0.6223,-0.10682,-1.0976,-0.29499,-0.036896
drWgsBf5,-0.44801,0.051533,-0.66032,0.27406,-0.64834
dytx0HSe,-0.5912,-0.043821,-0.96758,-0.74606,1.2945
e4KkkIha,1.3661,1.1469,2.018,-0.48739,-0.65211
e9YorH4m,-0.090849,0.01641,0.29168,-0.88479,0.4901
eB9gVQ0R,-0.078604,0.36992,0.043083,-0.49657,0.39345
eMhLFqU6,-0.32799,0.16788,-1.1365,0.23786,0.15857
eMllg1qm,0.4146,0.98856,0.88957,0.05972,-0.75472
eNPunZ9i,-0.13007,0.2032,-1.029,0.74466,0.17442
eS5BSM4J,-0.47266,-0.10613,-0.35309,-0.70375,1.2388
eVGMFoOI,-0.12913,-0.0179,0.35717,-0.89763,0.56994
eaIwb3rG,-0.24214,0.75335,0.23093,-0.33893,1.0327
eyzw8Vis,-0.50228,0.29308,-0.26167,-0.62744,1.2413
f04Ke2bN,-0.25992,0.011558,-0.61973,0.12076,0.32958
f4GA0te1,-0.49623,-0.32476,-0.40705,-0.86188,0.056326
f7bd91h5,-0.53888,-0.19002,-0.20784,-0.7803,1.133
fB7z9ndr,-0.29523,0.25948,0.57161,-0.51738,1.2206
fEe7AWFA,-0.38001,-0.51612,-0.1296,-0.25091,-0.87785
fJJIbgY9,0.32538,0.71524,1.2498,-0.58458,-0.59842
fQBURMvg,-0.41785,0.023843,-0.21654,-0.46825,1.1209
fS0HpOub,-0.473,-0.43302,-0.31626,-0.58052,0.37341
fTDXauuk,0.45066,-0.12721,1.0241,-0.63877,-0.68798
favPNA2N,-0.051634,0.51599,-0.58163,0.6431,0.56231
g3Fv0U4k,-0.095906,-0.065096,-0.9012,1.0767,-0.60004
g5PKo2E2,0.16026,-0.18042,0.88039,-0.10329,-0.42177
gbjnD5fe,-0.35665,-0.41491,-0.51709,-0.79414,0.13341
ge9zqXCv,-0.38767,-0.37252,-0.77204,0.31052,-0.83057
geeqJpSE,-0.44405,-0.17911,-0.068625,-0.73505,0.86072
gqy1J2RS,0.14785,-0.16533,0.58966,0.099823,-0.77208
grlUtS3H,-0.016912,-0.18232,-0.29016,0.55432,-0.43251
gx965KYj,-0.31042,-0.16417,-0.29318,0.11187,-0.47458
h3F08Vjm,-0.43974,-0.14459,0.02161,-0.54788,1.3022
h6FQG8Iy,-0.19479,0.4196,0.73618,-0.5916,1.1253
h7ftM8b3,1.6235,0.18931,1.7353,-0.14873,-1.0268
hLrCHXZv,0.028562,-0.2401,0.35994,0.034151,-0.91244
hQ6VBuFx,-0.088063,0.45574,0.018677,-0.39911,0.41454
hYoR2y7w,-0.44609,0.043667,-0.54516,-0.12803,-0.8615
hf65yZkM,0.34181,0.25655,0.36899,1.3007,-0.979
hjuwe1x4,-0.22209,-0.13738,0.3459,-0.38446,0.19618
hyINlsFR,-0.18991,0.53434,-0.082792,0.21812,0.6066
i0Qlm9Bv,-0.41114,-0.048769,0.20338,-0.5402,0.84018
i1VxfxMb,-0.49485,-0.16806,-0.066607,-0.59984,1.0195
i2l6jXNP,-0.41892,-0.36336,-1.0398,-0.053773,0.27385
i4FgPZv7,-0.41295,0.26603,0.27884,-0.72889,1.0844
i7XtIkSi,-0.63409,-0.012386,-0.58074,-0.32274,-0.37438
i9z346Ut,-0.23919,0.0099277,-0.67715,0.963,0.5139
iDOat4cZ,2.1313,0.43455,2.0505,-0.11755,-0.89535
iNv6RoSO,-0.11303,-0.024303,-0.018679,-0.035916,0.30674
iSL9NYzy,3.4545,-0.22751,1.9432,1.969,-1.0772
iSqVc1r8,0.10521,0.9687,1.1488,-0.70292,-0.30267
iYZMftt6,-0.65295,-0.39112,-0.53082,-0.4389,-0.79342
ieTPaa3c,-0.35523,0.010698,-1.0272,-0.096947,-0.37048
if7BmzU0,-0.43334,-0.23168,-0.123,-0.77338,0.89852
ihNz5bmx,-0.18023,0.028358,-0.76434,0.54369,-0.58648
ikJXKdIN,-0.534,-0.38667,-0.52841,-1.04,0.52086
iq2kxikN,-0.055806,-0.26482,-0.29008,-0.089556,-0.97182
iuZEDJK7,-0.54983,-0.18289,-0.44446,-0.65298,0.62882
iyF8gVT7,-0.45296,0.12774,-0.053054,-0.7052,1.3681
j06qdQ0V,-0.39775,-0.41583,-0.47745,-0.33482,0.18949
j7hl8svO,-0.46053,-0.23586,-0.43578,-0.012142,-0.90909
j8hMoJUN,-0.35534,-0.17939,-0.70503,-0.62752,-0.28897
jNaFasbV,-0.53116,-0.63401,-1.4339,0.58148,-0.92214
jVVHeYHT,-0.80889,0.19936,0.65966,-0.79228,1.1596
jXm4ySvK,-0.37947,0.053443,-0.064717,-0.35326,0.65269
juO5ii5l,-0.46822,0.4176,0.64474,-0.7903,0.41401
k2hdEBsU,-0.50044,-0.25987,-0.14565,-0.78948,1.2624
k3ynMfhN,0.037859,0.78063,1.3955,-0.42603,0.9452
k9C9yBtr,0.024644,-0.20449,0.30815,0.19195,-0.87656
kAKRvcRo,-0.36927,-0.13148,-0.81528,0.74332,-0.93005
kBi3R2oC,-0.40838,-0.15381,-0.099489,-0.34727,-0.3441
kDWmnsXe,-0.11634,-0.23811,0.32439,-0.44207,-0.076273
kSGBd2Vh,-0.39875,-0.34625,-0.013836,-0.76293,0.67093
kT0miHPT,-0.51411,-0.38127,-0.5597,-0.39921,0.17886
kaW0TfRn,-0.32519,-0.49285,-0.071545,-0.57387,0.079668
kmg3SowO,-0.22947,-0.36293,-0.93578,0.44547,-0.51173
kpxKSlnF,2.3391,0.19692,1.913,1.1422,-0.43803
ku2cn1MV,0.68808,0.99566,1.4565,-0.17471,-0.14205
l1su5HU9,-0.45655,-0.079615,-0.28123,-0.44137,0.26149
l8Tg2RvD,-0.50985,0.60327,0.82362,-0.72631,0.84491
lB6NsVOc,-0.39018,-0.38265,0.0087275,-0.72135,1.0494
lEcdVyKk,-0.5496,0.073266,-0.58443,-0.5911,1.2185
lH4TasGl,0.030503,-0.11538,0.78399,-0.70352,-0.42917
lO9aggHW,-0.095365,0.12837,0.31669,0.3365,-0.010403
lW3m9Vzu,-0.57842,-0.40024,-0.56995,-0.27814,-0.32497
lYLseGDP,0.24166,-0.35557,0.15247,-0.49888,0.017597
lcOnCdZi,-0.43064,0.30364,0.72519,-0.8594,-0.21232
le9YGwON,-0.19716,-0.042356,-0.0071962,-0.16193,-0.31819
llMvu3TX,2.238,-0.19805,2.7129,-0.554,-0.33443
lnHh2jFO,0.11489,0.24103,1.3818,-0.85273,-0.12671
m07CVXd4,-0.32561,0.16383,0.78671,-0.8636,1.2125
m1lPk91z,-0.36781,-0.1565,0.3993,-0.73062,1.1862
m9IQdmwa,-0.47845,-0.31334,-0.41457,-0.66155,0.64241
mG9BRy5x,-0.4512,-0.025151,-0.29392,-0.17613,0.14158
mVHXnama,-0.23356,-0.37017,-0.77097,-0.32595,-0.77568
mXyrR6nU,-0.45137,-0.14581,-0.63169,-0.46853,0.56539
mbzNdxNc,-0.4811,-0.30569,-0.59527,0.37432,-0.43782
mntH7g3L,0.092239,0.52284,1.1491,-0.87507,-0.14897
msRTXP3H,-0.33247,-0.25042,-0.01292,-0.0663,0.72686
mxBjvIPR,-0.42848,-0.25435,-0.45968,-0.68219,0.33966
n8Opmfbz,1.775,0.32696,1.6741,-0.13113,-0.53985
nOkgU29Q,-0.0047786,-0.22507,-0.86089,0.79753,-1.0716
nhttf7VM,0.091226,1.2344,1.074,-0.050794,0.13561
njLbXYa3,-0.37107,-0.42267,-0.41652,-0.48678,-0.63511
nwkIpzmh,0.55421,0.42616,1.2915,-0.29924,-0.29466
nzB1R9Zg,0.23421,-0.07813,1.076,-0.8965,0.086208
o1rZRI84,-0.56735,-0.067507,-0.62219,-0.45747,-0.27453
o7q5Mbty,-0.30616,-0.38689,-0.27151,-0.18597,-0.99585
oCBvysqB,-0.64526,0.089375,-0.52102,-0.33935,-0.22802
oDmycTPH,-0.44663,-0.49067,-0.21876,-0.99664,0.94403
oFAXZvQv,-0.61972,-0.044712,-0.5056,-0.34889,-0.14362
oHE3M1zX,0.017282,0.26551,-0.56346,1.5284,-0.025659
oMhVmSpV,-0.76605,-0.16797,-0.71067,-0.59898,-0.39459
oNsDqVbi,0.14774,0.68912,1.2615,-0.6532,-0.33486
oYAJqQk8,-0.39361,-0.4961,-0.52538,-1.0912,0.19365
ob5Kb6dW,-0.57335,0.019807,-0.72684,-0.61798,1.1985
obnzqs79,-0.42908,-0.34058,-0.86058,-0.5969,-0.43126
oncLcgRP,-0.40819,-0.47222,-0.87317,-0.28356,-0.223
ooWVYaAe,-0.12374,-0.027126,-0.92675,1.1526,-1.093
osdyOUnV,-0.29755,0.26044,-1.142,0.4895,0.023586
p7H9CzCv,-0.12398,-0.33156,-1.0135,0.93857,-0.83609
p7U9hVhY,-0.46054,-0.08824,-0.45603,-0.54216,0.88559
pE6Cf1RV,-0.37299,0.43654,0.52566,-0.61107,0.93042
pI7qzotI,-0.073487,0.1259,-0.01806,0.17681,-0.60761
pJrIA4sk,-0.35802,-0.69098,-0.31838,-0.55367,0.057804
pXne2CLZ,-0.29954,-0.3182,-0.60169,0.82521,-1.0569
pZMcDIOS,-0.46206,-0.4817,-0.48394,-0.67382,0.60594
pavfp3cc,0.2153,-0.25928,0.9101,0.072767,-0.81694
pbQdC5L3,-0.59232,-0.30737,-0.60695,-0.63204,0.088728
pgj7aAFP,-0.22,-0.17497,-0.030568,-0.16999,0.29788
pxg8G3ed,-0.24049,0.49292,0.037007,-0.25303,0.75881
q36Npk6l,-0.55362,-0.43885,-0.53002,-0.82971,0.81555
q4aDOVvq,0.40523,0.6109,0.86296,0.21634,-0.82499
qGmfR9CN,-0.19287,-0.28271,-1.063,1.4135,-0.76582
qJ51ODpA,-0.2834,-0.34073,-1.0943,0.405,-0.39979
qQX3cs3I,-0.28123,0.79206,0.96423,-0.64842,0.2775
qXeIxPb8,-0.49263,-0.041949,-0.33211,-0.46288,0.85281
qYQ4MShM,0.11826,0.1864,0.072374,0.23691,-0.90137
qa0etnhK,0.13436,-0.0077176,0.27368,-0.0024766,-0.66688
qbL4sboq,-0.6505,0.45318,-0.33178,-0.65623,0.856
qbYrsWHq,1.1482,1.13,2.0604,-0.013616,-0.33345
r1zmcUqQ,0.48697,0.53494,1.0164,-0.73597,-0.62983
r54iHeQC,-0.35266,-0.16186,0.0055228,-0.64194,0.87071
r6xrAnQV,3.7095,0.22793,2.28,0.60614,-0.31644
r9HxnQDg,-0.14448,0.12653,0.82042,-0.23023,0.82927
rG8Puuf9,0.83271,-0.094568,1.0851,0.20493,-0.78597
rGuiefuR,-0.51818,-0.54635,-1.1308,0.30739,-0.8968
rJ19OhGP,-0.49395,0.15026,-0.46946,-0.55195,1.266
rOCYepHd,0.072157,0.29841,0.96706,-0.54662,-0.17721
rQJaOPFI,0.04942,-0.18698,0.53498,-0.31815,-0.083899
rQhZtZeh,-0.16442,0.6008,0.99937,-0.66527,1.1745
rapmok0w,-0.13549,0.67774,-1.2051,0.86991,-0.069781
rgzfnPVu,-0.51129,0.23902,0.84302,-0.74367,0.4191
ri4qhb1S,-0.40854,-0.39852,-0.465,-0.71083,0.34129
rqpFYzff,-0.50723,-0.13708,-0.33163,-0.62653,0.27627
rrs22coX,-0.3601,-0.026929,0.17175,-0.32581,1.2639
sEeUCQLc,-0.646,-0.075421,-0.89823,-0.38762,0.70961
sHScwqQl,-0.37274,0.15601,0.4179,-0.73687,1.2742
sNC7DiAt,-0.48987,-0.16,-0.22383,-0.58474,0.89573
sNK2TSs3,-0.3785,0.053627,0.34741,-0.38439,1.0569
sO7Su6uw,-0.24151,0.31534,-1.2802,0.051541,-0.12996
sOWZx89o,-0.68288,-0.29478,-1.0733,-0.70728,1.2025
sPbRcPjC,-0.098853,0.041,0.049866,0.26028,-0.81314
scVUfTKI,-0.04298,0.18182,0.14644,1.1516,-0.58937
seRaGeVv,-0.67293,-0.1295,-0.24914,-0.52177,0.96795
sgtwiYWi,-0.44932,-0.29118,-1.0897,-0.073412,-0.25627
sjmLHcT6,-0.5426,-0.26351,-0.58482,-0.67263,-0.016771
skZUZZGS,-0.34539,-0.16393,0.059365,-0.38855,0.30346
suAmzADX,-0.38643,-0.21761,-0.82613,1.5027,-1.0794
t4GWLqlO,0.46459,0.059166,1.0265,-0.45501,-0.20662
t7gy6Jyy,0.46085,-0.13048,0.93567,-0.68338,-0.022912
tBadzH60,2.2364,0.062342,2.2788,-0.063489,-0.66308
tXUWm0hp,-0.19832,-0.42137,-0.3838,0.53254,-0.45853
te6UPPxf,-0.67483,0.0056268,-0.56132,-0.39246,-0.54792
ti2lamkL,0.17896,0.25474,0.74248,-0.35541,-0.17399
tr0lpwuU,-0.1687,-0.28363,-0.59836,1.9455,-1.2153
ttdB5C73,-0.42215,0.054195,-0.11501,-0.51442,0.66681
twS8YZu9,-0.22467,-0.0015408,-0.45308,-0.45026,-0.057525
tx68W34H,-0.5879,-0.51623,-1.3189,1.0819,-0.77498
tyQSX4mY,-0.40551,-0.011629,0.48675,-0.82175,0.30853
tylKCRc0,-0.41463,-0.29769,-0.40947,-0.47697,0.43533
u1544WUo,-0.34215,-0.16857,-0.73369,-0.55626,0.25022
uAw9an0d,0.12195,0.031795,0.42304,-0.2054,-0.21037
uLZAEXMG,2.4534,-0.22313,1.9473,0.16873,-1.0099
uMwe1s7I,-0.39569,-0.58974,-0.55932,0.51856,-0.78505
ufhGeV3q,-0.51015,-0.19406,-0.49691,-0.59982,0.39396
uhAeGBHo,-0.13562,-0.43204,-1.183,0.75447,-0.89043
ujHNlqpw,1.1195,0.74878,1.3044,0.13133,-0.792
ulV6kuhB,-0.36651,0.069875,0.089731,-0.44657,0.67349
uohEnNEK,-0.39742,-0.13375,-0.93859,0.88555,-1.1
v1lhA8I4,-0.3778,-0.23739,0.28905,-0.67007,1.3781
v3JzigLI,-0.55826,-0.31308,-0.70264,-0.76468,-0.06552
v5IwjyIg,-0.50289,-0.18529,-0.71549,-0.22362,-0.83093
v6lp5TK1,-0.30679,0.022811,0.53884,-0.80825,1.2665
v8vOaaWq,-0.25657,-0.48434,-1.0562,0.13724,0.20509
vAYKtoil,-0.557,-0.11839,-0.62993,-0.2831,-0.75709
vGTNQa6G,2.8244,0.049222,2.0539,1.4458,-0.49538
vQzNxHoL,-0.41144,0.1432,-0.47578,-0.4328,-0.58703
vfZGBUJm,-0.10188,-0.2952,-0.043045,0.025141,-0.58078
vlooVUoT,-0.026484,0.025212,-0.49857,1.0765,-0.85608
vrACvd4O,-0.40686,-0.55414,-0.34487,-0.42139,-0.44918
w8hdjLwb,-0.60012,-0.10309,0.0070783,-0.72066,1.0551
wAntv4gH,0.25103,0.73976,1.7439,-0.67953,0.48334
wIUL09q0,-0.53394,-0.41459,-0.9534,-0.75,-0.039436
wOzx7Fgz,-0.21964,-0.54331,-0.23149,-0.56653,-0.091806
wPhjhCJQ,-0.4904,0.086805,-0.58614,-0.58861,1.338
wQSWWmYB,-0.30682,-0.39038,-0.46257,-0.42431,0.46964
wdIMrXwy,2.015,-0.0058553,2.5786,-0.43548,-0.42345
wiL9npQc,-0.57542,-0.12625,-0.53372,-0.74611,1.0411
wnU95Cxn,1.5668,0.616,1.9646,-0.50029,-0.77487
wpJbbjJs,0.13446,1.2453,1.0013,-0.15007,-0.11845
wsOWTAbI,1.2778,-0.10761,1.0569,1.8045,-0.92743
wtdBcU3U,-0.40762,-0.27423,-0.57107,-0.82812,-0.23121
wuKXVxOc,-0.56461,0.0087086,-0.78809,-0.40937,0.54872
wyzadAt8,-0.48935,-0.35381,-0.54605,-0.53248,0.65265
wzaKzYwi,-0.042695,-0.37189,0.59598,-0.88104,0.79849
x6GCk4EV,-0.39107,-0.0099304,-0.15266,-0.48338,0.48081
x6lUi3vf,-0.028262,-0.37719,-0.056616,0.45941,-1.2614
x8mwDHv9,-0.40801,-0.41159,-0.34258,-0.35017,-0.089322
xIYm6puH,0.87911,0.85366,0.37013,0.96123,-1.1554
xO6UdpsK,0.64182,0.93202,0.81961,-0.20293,-1.0999
xQ2bkOvj,-0.40108,-0.35079,-0.60519,0.37022,-0.89909
xeXyDCEQ,2.7707,-0.12563,1.8138,1.213,-1.1981
xrggHziO,-0.33465,-0.30766,0.39351,-0.66064,-0.057476
y1WMCmqQ,-0.46399,-0.41898,-0.58806,-0.6047,0.12347
yDngezhM,-0.25645,-0.2409,-0.51285,-0.67083,-0.39377
yLiFjMD0,-0.28792,0.00079091,0.034251,-0.87792,0.73519
ySwEBO7w,-0.64116,-0.14534,-0.62032,-0.19675,-0.76362
ydC9UsSm,-0.13757,-0.42954,-1.0154,0.55766,0.065752
ydEG4VBd,-0.44094,-0.103,-0.86196,-0.45827,0.51614
yf76yWXc,-0.27708,0.78825,1.1426,-0.64355,-0.29371
yg70e63n,-0.53517,-0.033553,-0.62403,-0.14299,-0.4507
ywxtlSKv,-0.55071,-0.43781,-0.74029,-0.45553,-0.18301
yzKPQPOR,-0.32389,-0.53313,-0.51642,0.12083,-0.67464
z5cnOnZ1,-0.27188,-0.41573,-0.39592,-0.53141,-0.61626
zFLkOE0e,0.057848,-0.055401,0.56323,0.36686,-0.9269
zGi72mxL,-0.5988,-0.43167,-0.61341,-0.25552,-0.87088
zN925UV3,-0.37748,-0.10425,-0.67512,0.68415,-0.96983
zTy2ih7e,-0.54797,0.18586,-0.84605,-0.37543,0.70438
zVFzAutw,-0.30469,-0.019487,-0.2575,-0.43242,0.28198
zYxNAkht,-0.4759,-0.29536,-0.6029,-0.75803,0.40733
zaWDBai3,-0.28504,0.44265,-0.18439,-0.11986,1.3167
zg3u0Zsx,-0.45085,0.45063,-0.29428,0.1335,-0.078591
zlwLfdsS,-0.456,-0.55149,-0.70645,1.4714,-1.0591
zmbKzVfl,-0.27927,0.27333,-1.3452,0.33072,0.086359
