PIDN,Ca,P,pH,SOC,Sand
09gt9UK5,-0.65604,-0.20294,-1.2791,-0.70003,1.2424
0BVvxJ6a,0.32442,0.074012,0.65386,0.30213,-0.68785
0KbdgApg,-0.059381,-0.16418,-0.11748,0.11704,-0.87153
0MnuuduB,-0.35146,0.028837,-0.49655,0.66716,-0.92709
0PcIsF9z,-0.12053,-0.39797,-1.0114,0.014799,-0.14302
0ShTFLYJ,-0.44508,-0.48187,-0.59482,-0.89661,0.043892
0XZh9jka,-0.43885,0.10824,-0.61938,0.59133,-0.95593
0Y7Wegri,-0.21088,0.085931,0.53651,-0.1154,0.52357
0dTqplIM,0.060596,-0.015271,0.20062,0.27874,-0.99829
0lNiZicC,-0.26016,-0.087276,-0.66765,-0.39732,-0.24837
0rGeJ0QN,-0.39828,0.085745,-0.33023,0.27,0.11452
0sXI9ytQ,-0.5001,0.10711,-0.42161,-0.77593,1.6362
0ukt4aP6,0.68091,0.35682,1.4296,-0.70842,0.044998
1AGspb8f,-0.43767,-0.6925,-1.396,0.56166,-0.89327
1Csy0gvE,-0.4575,-0.15923,-0.41667,-0.64881,0.60285
1Ic2hly1,-0.31708,0.31208,0.047109,-0.12254,0.32373
1PPbaTwt,-0.16635,-0.26975,-0.34564,-0.61855,0.29083
1SO5VJNy,-0.36241,-0.066276,0.015209,-0.55871,0.75417
1arHxK3Y,1.1945,0.6263,1.3241,0.45004,-0.58731
1fCW4Bba,-0.36671,0.13739,0.087976,-0.32926,0.49151
1qDZNvIm,-0.54548,-0.0032599,-0.26593,-0.7506,1.312
28LYJC2V,-0.44609,-0.30736,-0.93169,0.74849,-0.26661
2CzACvQq,0.68279,0.4861,1.3731,-0.42584,-0.40271
2FT3crfv,-0.36706,-0.1244,-0.28036,0.060706,-0.72127
2Fy2uHVg,-0.53981,-0.12669,-0.48598,-0.5869,-0.33451
2MkMEApm,-0.33426,0.30592,0.21416,-0.67894,0.60974
2NDGWEOe,0.57934,1.143,1.7779,-0.66183,-0.45021
2NyyCiqn,-0.43877,-0.033797,-0.12712,-0.42442,0.64139
2QRzIb84,0.66823,0.9935,2.1488,-0.28783,0.13187
2QcbdrUZ,-0.33752,-0.14661,-0.083145,-0.33721,0.47383
2YgAimWK,-0.30915,0.20405,0.3974,-0.62219,0.66794
2cx85d9H,0.29727,-0.35372,-0.0067563,0.17489,-0.92903
2homMXMV,-0.18338,0.18919,-0.80709,0.18235,0.57222
2ldLrUtq,-0.39471,-0.50107,-0.41783,-0.52501,-0.34322
2nsACW6G,-0.11552,-0.2985,-0.55762,1.2394,-0.92728
2yMbVnWc,0.2329,0.36182,-1.0771,1.8399,0.24784
36r8sgGQ,-0.41309,-0.16659,-0.14599,-0.79905,0.84737
3NXAXCl3,-0.35357,-0.47799,-0.75772,0.32198,-1.0537
3QG0z6fl,-0.43408,-0.31235,-0.68795,-0.34944,0.039505
3WS8R9qm,-0.22986,-0.23412,-0.62483,1.7539,-1.1775
3fRLm8f5,-0.4609,-0.28378,-0.97168,0.10979,0.55688
3mZhp1nQ,-0.54362,-0.21834,-0.40394,-0.56039,0.452
3pikJXRL,-0.3333,-0.16003,-0.73927,0.39412,-0.99418
3pxOEGHL,-0.57266,-0.23852,-0.46325,-0.69618,0.78197
3ttdV3f5,-0.4251,-0.15112,-0.277,-0.41703,-0.43879
3v4X6Mfe,0.75058,0.29158,1.5283,-0.67932,0.018511
3wORuPiv,-0.58306,-0.37438,-0.62591,-0.29545,-0.74256
43EfrxZj,0.036531,0.064413,0.0013706,0.62131,-0.56395
457Vwm21,0.063125,0.16874,0.51428,0.41697,-0.2902
46KNnOdx,-0.32369,0.30013,-1.4736,-0.033411,0.10588
47TwNsVC,-0.32707,-0.44573,-0.94997,0.81624,-1.1327
49856RpO,-0.42948,-0.38773,-0.77014,-0.51031,-0.89945
4Ane1o2N,-0.45915,-0.69992,-0.53249,-0.54933,-0.068457
4AyVUgSc,-0.38775,-0.30675,-0.64847,-0.66591,-0.43518
4B1951On,-0.16337,0.033633,-0.077166,-0.43072,0.070448
4OL39Teo,-0.008364,0.58911,0.036424,0.65936,-0.32814
4eQ90eLY,-0.23602,-0.062637,-0.19877,0.44973,-0.46519
4o5jwMj8,-0.39424,-0.25721,-0.35355,-0.74038,0.43084
4vPgpl2c,-0.28439,-0.39403,-0.42621,-0.52128,0.73714
51r9aA0d,-0.41286,-0.28277,-0.57133,-0.71923,-0.48368
58SmeRoP,-0.029648,0.013899,-0.02002,0.050504,-0.41014
5HJp1AXn,-0.46222,-0.16349,-0.60951,0.79276,-0.16936
5MBZW7fx,-0.19732,0.24519,1.0139,-0.58222,0.078614
5Nq3gHaP,0.32515,1.2026,0.41469,1.1739,-0.28299
5RmwFFK3,0.78567,0.54528,0.47184,0.33043,-1.0827
5Tu5Jbov,-0.62015,-0.022097,-0.67637,-0.21067,-0.46414
5YEolkev,-0.44774,-0.5152,-0.24265,-0.62455,-0.41932
5a8sf6QV,0.018133,-0.12755,0.26997,0.051345,-0.78372
5eSvmqYm,-0.43975,-0.21611,-0.23739,-0.58479,-0.26092
5hkN8fiv,-0.26539,-0.40037,-1.0227,0.70615,-0.98062
5oK8Gti5,-0.64357,-0.20767,-0.53664,-0.7265,1.368
5paniGaU,-0.58371,0.055847,-0.91117,-0.78378,1.5473
5vsr7ZUP,0.66505,-0.26222,0.94791,-0.23609,-0.77811
60B4xMWI,-0.46119,0.49487,1.2409,-1.0156,0.66512
64jOUtKy,0.4395,0.81827,0.060052,1.7459,-0.91787
6AJo4xNG,-0.050195,0.22271,0.076668,0.2327,0.05789
6CAvhEte,-0.24828,-0.23735,-0.59182,-0.51449,0.23195
6CuGYjT5,2.4207,-0.25387,1.8312,0.58082,-1.2288
6DGH8ujZ,-0.26861,-0.31544,-1.1262,0.086278,-0.60201
6PzsGdVm,-0.2223,-0.34558,-0.85514,0.29088,-0.58123
6UcSJMbq,0.16813,0.29301,0.86675,-0.83903,0.14015
6WJbkH8U,1.0522,-0.17711,1.4692,-0.22756,-0.84445
6eUWsVzw,0.17051,-0.11458,0.90356,-0.077748,-0.55803
6gNyO7Do,0.22169,-0.21903,0.1466,0.38679,-0.86316
6jT0AyHe,-0.15163,-0.42435,0.14348,0.33881,-1.054
6nBgCvWu,-0.40151,-0.15891,-0.088238,-0.4374,0.84033
6ro5mqg6,-0.42437,-0.24813,-0.22424,-0.46066,0.20226
6sGqObX4,-0.69519,-0.19868,-0.61132,-0.1948,-0.52543
6uEGy0n4,1.7336,-0.020091,1.9021,-0.20113,-0.97338
7BZ4LxP8,-0.049783,-0.4316,0.28459,-0.19522,-0.61112
7CmigXKi,-0.31089,-0.11805,-0.7161,-0.59028,0.051728
7Ga0LpfR,1.0493,1.4349,0.04949,2.0338,-1.0111
7PQsFvsG,-0.26156,-0.31575,-1.3069,0.96975,-0.67465
7aF7nnwn,-0.57702,-0.27975,-0.59286,-0.89981,0.62553
7asGzfX9,-0.17332,-0.048769,-0.049184,-0.21586,-0.075826
7cg7C92o,0.054804,1.4564,0.36935,0.82882,0.26729
7eOxTpsB,-0.31035,0.20564,0.5312,-0.61766,1.154
7ey0v7ma,-0.37332,-0.44738,-0.62137,0.16636,-1.0854
7gocyrYl,-0.3198,-0.1338,-0.47512,0.94657,-0.12078
7gqR3GoA,-0.53177,-0.37123,-0.71492,-0.42908,-0.48266
7og7aUXB,-0.32621,-0.060514,0.0014197,-0.24476,-0.35815
7onRfa8F,0.066338,0.28422,0.32434,-0.36118,0.60707
7umkNuxM,-0.21256,-0.41208,-0.20102,0.13221,-0.45342
7vPr9ExD,-0.0095869,-0.01285,0.12066,0.057943,-0.77519
7zNjpCzu,-0.40024,-0.18515,-0.37534,-0.20043,-0.632
7ztsQNj3,-0.59479,-0.09679,-0.55865,-0.22188,-0.40595
86gppwMI,-0.44232,0.08491,-0.71205,-0.28293,0.96449
88thAGdL,-0.3832,-0.037262,-0.21361,-0.32575,-0.26877
8GhU8STP,1.2192,0.36745,1.4332,0.28702,-1.0149
8NlzDcWe,-0.40234,-0.36832,-0.7393,-0.61099,-0.2099
8QAejdLW,-0.13247,-0.13361,-0.23525,0.15162,-0.97664
8RDeFxWM,-0.42455,-0.061788,-0.24392,-0.68158,1.2727
8UXP2NBS,-0.35231,-0.44855,-0.086199,-0.5711,0.4873
8ZoV3KGT,-0.24456,-0.20557,0.029369,-0.23064,-0.4852
8ajs2uG8,-0.48251,-0.20455,-0.77828,-0.29874,-0.43742
8bXnz62p,-0.25609,1.1288,0.40256,0.35479,0.8095
8nO1O1LG,1.859,0.45518,1.4966,1.4666,-0.87976
8xE1p8g8,-0.56829,-0.036078,-0.50417,-0.45542,-0.17523
8yMDVMRM,-0.49508,-0.27116,-1.0401,-0.55331,-0.65116
98R5VaPi,0.89997,0.39267,2.154,-0.70099,0.74515
9DcTz2Ua,2.6307,-0.064309,1.9759,0.84781,-1.0231
9G7nfUrK,-0.33128,-0.17064,-0.24138,-0.56926,0.29319
9O6GZ1HT,-0.13681,0.38889,1.011,-0.80196,-0.39878
9S7fCoAM,-0.39709,-0.099733,-0.0648,-0.35734,0.52477
9iQwmFJR,-0.2954,-0.26495,-0.14056,-0.61398,0.14718
A3Mt6SAQ,1.2096,0.13128,2.343,-1.0499,0.49523
AJIsQIcV,-0.40091,-0.17686,-0.6588,-0.46769,0.43509
AMHKXMh8,1.756,0.22972,1.8377,-0.11222,-0.82537
ASwA2J4E,-0.35362,-0.01213,0.087889,-0.47967,0.74343
AaFvEoHq,-0.4855,0.37254,0.7402,-0.90893,1.0117
AiIPD6hX,-0.43035,-0.24838,-0.59697,0.47604,-0.43651
AsIURvJS,-0.52706,-0.36849,-0.80156,0.76587,-0.87291
AsvgbJ0C,-0.071743,-0.14387,-0.70564,0.61369,-0.12264
AxEhbkCM,-0.40279,0.43773,-0.39195,-0.54179,-0.27009
B7VPkIpx,-0.64332,0.36723,0.85104,-0.78012,0.75887
BBwHqHiH,-0.1034,-0.24394,-0.046904,-0.014601,-0.98287
BMyps8hr,-0.3115,-0.33701,-0.29579,-0.12289,-0.44537
BUHS4dQw,0.40217,0.45714,-0.068834,2.965,-0.73464
BZB3EYWQ,-0.34154,-0.066444,0.016611,-0.43843,0.7073
C5UPCZcL,3.1803,-0.24311,2.036,0.69001,-1.0774
C5gIfQbJ,-0.36892,-0.20228,-0.84428,1.5683,-0.98117
CDRuu4Pn,-0.49187,-0.26699,-0.32255,-0.82952,1.1083
CQhTYkqE,0.3157,0.079994,0.52901,0.32919,-0.85523
CSEobMXv,-0.24744,-0.15992,-0.64244,0.97465,-0.68586
CYMQE4x0,0.01242,0.8098,1.3223,-0.28808,0.68918
ChQdtl4J,-0.44398,-0.17379,-0.11026,-0.5453,0.29988
ChnD1nrN,-0.34008,-0.31236,-0.59358,-0.55569,-0.51259
CvtbbIcq,1.4476,0.3117,1.7312,-0.14352,-0.20462
Cxk06b77,-0.27684,0.68514,0.64614,-0.03892,0.2385
D3QD3ZEJ,-0.10664,-0.21304,-0.35136,0.52509,-0.17767
D8J5C6lA,0.5263,1.1516,1.0473,-0.031761,-0.81919
DCeQwYfT,-0.10262,-0.15529,-0.026103,0.20109,-0.44367
DDEftkx3,-0.55554,-0.021422,-0.78593,-0.69865,1.3159
DEwCfeDW,-0.43994,0.76661,-0.23513,0.16849,0.86165
DMkIV4oL,-0.50744,-0.20182,-0.70434,-0.74295,0.89878
DnzGfbxS,-0.18369,-0.23404,-0.031378,0.0054004,-0.68723
DoZxo6f6,-0.34673,0.014484,-0.11624,-0.63065,0.62363
DvhBPGIk,-0.6351,-0.549,-0.50576,-0.5938,-0.31225
Dx7GoUcT,-0.45168,-0.18177,-0.12322,-0.59688,0.94503
E5hIjohO,0.25108,-0.16065,0.46284,1.1321,-1.3924
E6x4XGHt,-0.67937,-0.17523,-0.74174,-0.75662,1.1783
EDEpAzh1,-0.56784,-0.10245,-0.52914,-0.34375,-0.47052
ETGudkQt,-0.33544,0.32498,0.18306,-0.53193,0.27693
EUleKrLJ,2.1414,0.033322,1.7991,0.70444,-0.77232
Ehw2Jz6s,-0.4074,-0.031571,-0.54455,-0.50487,0.099292
EjqzC4zH,-0.68675,0.013778,0.44297,-0.88725,0.63866
EkMZO3Qj,-0.37441,0.61232,0.20769,-0.61487,0.59363
EnoNXWvU,0.12824,0.39324,0.98274,-0.87504,0.0099687
Epv8ANwr,-0.31722,-0.40404,-0.43102,0.3581,-0.09694
Etro9j0B,-0.095851,1.8653,0.45936,-0.018318,0.089443
F3MIZj76,0.015568,-0.17337,-1.1852,0.19341,-0.92082
FB8tU00K,-0.47765,-0.32872,-1.026,0.57885,-0.21832
FLhxBGMK,0.0037122,-0.038672,0.3506,-0.10073,-0.88611
FRreR8ka,-0.41923,-0.21664,-0.34908,-0.2631,0.24123
FXne4oAV,0.39995,0.98464,0.92845,-0.33101,-0.80963
FaW764jk,-0.33805,0.85986,0.72406,-0.22908,0.56412
FeAbMXly,-0.6349,-0.33886,-0.87719,-0.65925,0.8658
FeudaFXn,1.732,-0.31793,1.8853,-0.43477,-0.78868
FldUmFeM,1.7974,-0.12933,1.9975,-0.79184,-0.10708
Fnv5tfAm,-0.73852,-0.11689,-0.70077,-0.20659,-0.51078
FvrAd3Or,-0.05333,-0.17748,0.76674,-0.91912,0.50907
G48zHffi,0.27683,0.44581,1.333,-0.90665,0.5284
G76zCv5N,-0.40214,-0.42075,-0.80293,-0.54029,-0.2736
G7JGUdNf,0.16973,-0.30411,0.25561,0.010699,-0.89998
GCo6MONx,1.1651,-0.10358,1.0773,0.43852,-0.94423
GE0vbpVQ,-0.26868,-0.1032,0.23615,-0.6831,0.71417
GN0DfOqt,-0.37046,-0.25718,-0.29896,-0.70601,0.23308
GNsTAb1v,-0.52742,-0.021415,-0.58585,-0.24393,-0.75591
GPwmO21z,-0.46661,-0.53381,-0.51924,-0.11267,-0.40898
GQYpfLoh,0.88368,0.22166,0.24225,0.56196,-1.0885
GR9knT8n,-0.24654,-0.31463,-1.2292,0.85057,-0.70536
GXtFFbZy,0.40007,0.42291,0.33512,0.12421,-0.10284
GYvzvvFD,-0.5085,0.19402,-1.3249,-0.075457,0.36374
GemPjTJ9,-0.12014,-0.073349,-0.91916,0.58083,-0.67005
GkLYRm1K,1.7489,0.075153,1.844,-0.3342,-1.0035
GmlqP8eI,-0.46613,-0.39962,-0.96585,-0.62595,-0.63829
GqkIrOvf,-0.30243,-0.14428,-0.83895,1.2144,-0.85707
H0fsegPi,-0.48902,-0.11489,-0.41335,-0.558,0.52952
H4dHpJjU,2.0482,0.13634,1.7399,0.84699,-0.9271
H5QwJCuU,2.3283,1.414,2.309,0.78873,-0.82816
H5uwmSZ0,-0.42956,-0.075853,-0.55041,-0.8367,0.58016
H8MtbVoL,-0.20373,-0.091694,-0.12693,-0.34977,-0.54087
H9JrUYnp,-0.35534,-0.15351,-0.23063,-0.11631,0.27197
HHYmmHVk,-0.527,-0.16761,-0.50885,-0.81444,1.3521
HJ5U4uqL,-0.54527,-0.29968,-1.3224,-0.46557,-0.37217
HNQxYc4w,-0.3183,-0.30743,-0.24297,-0.6457,-0.00051602
HQYhKHZ8,-0.48382,-0.19292,-0.80774,-0.54452,-0.35792
HSCMx0MC,-0.4422,0.080036,-0.25505,-0.60352,1.1056
HXYuE0fx,2.3244,-0.18769,1.9007,0.26405,-1.0424
HdKcxEWr,0.05776,0.84313,0.79401,0.75914,-0.24321
HecW1iCC,-0.62197,-0.31293,-0.51807,-0.50141,-0.65044
HpbKB8rv,-0.24018,-0.20286,-0.82596,0.59152,-1.1532
HrkoYjCg,0.040156,0.83852,-0.37267,1.4388,-0.73937
I5P2uquT,-0.27435,-0.014752,0.0097285,-0.47959,0.30616
I94qkDM7,-0.53337,0.040388,-0.94972,-0.26522,0.55179
I9sQbtt8,-0.18,0.1346,-0.86647,1.6296,-1.1053
IFxgw6ZX,-0.69947,-0.35473,-0.3475,-0.65888,-0.22603
IPPPSyoU,-0.51152,-0.42871,-1.0895,0.083248,-0.72116
IQOYQubU,1.8124,-0.19502,1.6552,0.19663,-0.8419
IYNE2SxU,-0.53894,-0.10658,-0.46763,0.00050192,-0.51532
IZRFk9kN,-0.31158,0.07746,0.098442,-0.3344,-0.10056
Iaq3v0t3,1.3532,0.17089,2.3466,-0.85697,0.25042
IbVwu1t6,-0.36197,-0.38467,-1.0839,-0.19353,-0.66358
IcHKTLyo,0.16857,-0.15634,-0.033869,0.1126,-0.91239
IpW80wVB,-0.0284,-0.36521,-0.41678,-0.059177,-0.29715
Itb0PYUV,1.8534,0.019805,1.6042,0.962,-1.0222
J8fpSwS0,-0.47706,0.2126,0.52329,-0.81852,1.121
JE1SlbD0,0.69806,1.0744,0.49378,2.1539,-1.1669
JEB4McNb,0.98442,-0.090876,1.3953,-0.2073,-0.87377
JEE4QVeQ,0.031161,-0.21789,-0.14111,-0.29295,-0.71794
JJSEU2VQ,-0.58611,-0.12282,-0.55269,-0.61982,0.92337
JSsVriP2,0.17173,-0.27835,0.85054,-0.78816,0.027094
JUvQNiOK,-0.045558,0.47251,0.8252,-0.39763,0.47351
JZbrRtm2,0.21564,0.17571,1.3919,-0.89013,-0.26309
JcE9G92B,0.016294,0.19716,-0.10076,1.0993,-0.5886
JnNYpXHr,0.53888,1.865,0.30723,2.1626,-0.63939
JzpbnOtz,-0.38876,0.31928,0.1521,-0.54056,1.0688
JzzUhPQp,1.7264,0.6919,1.824,-0.23959,-1.0647
K05R8dQK,-0.38209,-0.22487,-0.80087,0.85171,-0.43331
K17pG2mG,-0.19053,-0.33861,0.46493,-0.8143,0.77718
K8BellUe,-0.019153,-0.54566,0.14702,-0.20354,-1.1689
KJ2eH6rr,0.0028753,0.11365,0.12182,-0.15455,-0.6617
KJEJ6Glk,0.5971,0.61867,0.4531,1.5428,-1.2101
KSbO0oXS,0.45474,0.82205,-0.023767,2.0244,-1.1718
KXtvmd01,-0.44679,-0.41717,-0.31114,-0.53436,0.23099
KYiJqBuJ,0.014877,-0.27922,0.58938,-0.44936,-0.63155
KmbAyTcE,-0.267,0.16894,-0.10955,-0.5016,-0.30435
KnNyl3rV,-0.027506,0.06399,1.4163,-0.40696,0.84134
Kp2DG8TZ,-0.72843,0.31722,0.61218,-0.87824,1.1921
KqQtKWs5,-0.55373,-0.24164,-0.72531,-0.60493,-0.098208
Ku27g63R,2.7796,0.36755,2.2037,0.48498,-0.78933
L2aTVqDq,-0.34665,-0.4262,-1.1368,0.69648,-0.81192
L5jvq6G4,-0.56172,-0.21124,-0.56681,-0.66904,0.27772
L91hYVQl,-0.5049,-0.29173,-0.69386,-0.84935,-0.30533
LINAMlbA,-0.17827,0.14621,-1.0606,0.19322,0.52915
LJoUNXSx,-0.20996,-0.16941,-1.2811,0.10033,-0.56679
LLtSiyWD,-0.52712,-0.39765,-0.70605,-0.51108,-0.055226
LQJtV8kn,-0.051342,-0.040509,0.43218,-0.18595,-0.98723
LW9uddw7,-0.27857,-0.25063,-0.6314,0.8106,-1.2273
LZ6sdBTR,0.93852,0.28031,1.2116,0.19617,-0.63516
La2Vhnne,0.4442,0.047909,0.54946,1.5119,-0.63595
LaUWSq9B,0.02134,-0.25418,0.24862,0.152,-0.78011
Lk4SfkPQ,-0.52927,-0.42078,-0.76432,-0.10959,-0.81344
LllC836d,0.046094,0.10762,-0.63522,0.61176,-0.25201
LuGiGeWN,-0.43939,0.014882,-0.83832,-0.10793,0.74374
LzcyHcWa,-0.48777,-0.040027,-0.50465,-0.62565,1.0269
M7veP0H4,-0.36159,0.25599,-0.077467,-0.22613,0.80434
MB8aaJUc,0.050148,0.42339,-1.0794,1.0412,-0.11052
MDpe2zuy,-0.52078,-0.21049,-0.54474,-0.3935,-0.50233
MEzdmEIU,-0.40998,-0.26891,-0.21471,-0.46896,0.060702
MVnhtivm,-0.3382,-0.40888,-0.63964,-0.26747,-0.60576
MYU7WDis,-0.75658,0.2942,0.80013,-0.98323,0.95784
MZFqh6yw,2.1704,0.46769,2.2217,-0.054645,-0.060194
Mdgy4SsO,0.92177,0.71792,0.40516,1.437,-1.2046
Mj8awnzy,-0.35298,0.0096103,0.33095,-0.74481,1.298
MpFPbUJy,1.8327,0.37997,1.6877,0.73959,-0.99352
Mqk7MFBM,-0.2828,0.53859,0.51143,-0.72264,0.61028
Mqs2t1Eo,-0.60658,-0.13498,-0.59175,-0.17848,-0.36159
Mv3jFVxp,-0.35092,-0.2207,-0.034386,-0.26176,0.37845
MxODTXvA,0.067636,-0.027671,0.30981,0.093219,-0.97573
N46PbpPM,-0.38905,-0.14296,0.088395,-0.62908,1.5908
N5S5F9Gk,-0.46361,0.33925,-1.015,-0.13369,0.85339
NLDg5fqw,0.27392,-0.29373,0.076627,-0.457,0.00054494
NOho2ZiM,2.507,-0.15862,1.9045,0.56874,-1.1822
NUuY7PFU,1.9866,0.31371,1.5546,1.2139,-1.2326
NV1e8AEO,-0.43629,0.091869,-0.16002,-0.54118,1.2028
NZLXROKC,0.068123,0.098679,0.25632,0.58304,-0.85562
NaJo7C6o,0.41228,0.19458,1.1906,0.072993,0.14139
NgsyGkrO,0.097902,-0.19437,0.39189,0.693,-1.1596
NjOx4Zpo,-0.41872,-0.32627,-1.1958,1.4422,-1.004
NmQoI7x0,1.6641,0.52464,1.92,-0.57864,-0.17627
No4wkdLS,-0.32639,-0.22148,-0.66763,-0.55605,-0.26226
NouMwhOf,-0.34704,-0.4455,0.026699,-0.32734,-0.63911
O6YAWd8C,-0.081276,-0.25667,-0.10204,-0.13885,-0.99277
OAXVphSh,2.0964,-0.3659,1.6905,-0.21953,-0.0061476
OJBBhb6Q,-0.51389,-0.37645,-0.32067,-0.84501,1.3084
OSIQXImL,0.2544,-0.11867,0.72096,0.26898,-1.2495
OUUFc5Zz,-0.41852,-0.24708,-0.070505,-0.79377,0.76491
OVk1lquT,0.40525,1.4307,0.3635,1.7249,0.0065909
OXdRxjzz,-0.20037,-0.39569,-0.77401,0.22066,-0.84926
OXxW2ekf,-0.50278,-0.29779,-0.24308,-0.98853,-0.014394
OXz5OpqR,-0.22659,0.8608,1.1907,-0.44195,0.4772
OcBFW1AX,-0.088882,0.30783,-1.0139,0.35635,0.64972
Of9V2rpt,-0.064691,-0.066078,0.18366,0.021621,-0.51481
OfLxPhbG,-0.24166,0.065054,-0.07901,-0.34104,0.72218
Ojx2vi48,-0.4631,-0.37531,-0.61632,-0.74466,0.18437
P3M32iuT,-0.5927,-0.29189,-0.73913,-0.91551,-0.051536
P7olVzrO,-0.05102,-0.15624,-0.25553,-0.24493,0.42189
PAPHErnv,-0.37985,-0.21494,-1.2229,-0.11703,-0.52118
PBjEtfXb,-0.31992,0.1789,-0.34179,-0.50597,0.43974
PZGpoBBj,1.7581,-0.00067046,1.9387,-0.23623,-0.9554
Pc2RrxXS,-0.31326,-0.65053,-0.43046,-0.59287,-0.2205
PcHQ4FOu,-0.44367,0.031723,-0.49959,-0.21765,-0.022099
PeNyTOVN,-0.35829,0.37723,-0.11819,-0.10925,0.27765
PhUPSU53,-0.53063,-0.29164,-0.55073,-0.21395,-0.27434
PmUNeV2O,-0.32733,-0.35271,-0.82459,-0.59776,-0.28859
PoDJ0uvK,1.8401,0.50814,1.883,0.3848,-0.51729
PsUJdJdg,-0.34012,-0.11259,-0.4114,0.86668,-0.39498
Q3xLFx1f,-0.3833,-0.2539,-0.82009,-0.13382,-0.33856
QBGxCvdM,0.022409,-0.2374,0.082391,-0.11375,-0.85329
QCEPyu6L,-0.48377,-0.45659,-1.0199,0.29178,-0.54872
QEfwec4s,3.1489,0.26535,1.9976,1.8242,-0.84712
QZ87Nnr3,-0.38471,-0.12578,-0.21669,-0.51201,0.64659
QlyGN9jv,-0.60894,-0.15114,-0.50436,-0.34126,0.38707
QqgWE1ny,-0.44494,-0.0066451,-0.39156,0.036706,-0.55508
QrjjBpZd,-0.3258,-0.10804,-0.78863,1.3496,-0.81085
QsaBiX7V,-0.41936,-0.070891,-0.18099,-0.12687,-0.18695
QtBKJuZk,-0.28121,-0.1517,-0.14913,-0.56305,0.54282
QtPRO8OJ,-0.42812,-0.012334,-0.96298,-0.49056,0.54154
R8XcsFnp,-0.27615,0.25645,-0.042302,-0.52418,1.5731
RROfRt9z,-0.27161,-0.26757,-0.075232,0.0074121,-0.88762
RTcbiDGq,-0.47504,-0.44525,-0.6778,-0.48508,-0.21148
RVidM9g0,0.064284,0.52706,1.5359,-0.94191,0.93015
RZnQSH19,-0.56221,-0.15185,-0.50864,-0.66839,0.82145
Rc4UK7fT,-0.49913,-0.11107,-0.96166,-0.23825,0.50018
RcKBKh6B,-0.26433,0.12759,-0.42668,-0.49517,0.35461
ReM5kDa5,-0.067304,-0.07161,0.05319,0.049106,-0.80007
RfntsotG,-0.52639,-0.19634,-0.53277,-0.78076,0.50949
RiXMlzXD,-0.20588,-0.3202,-0.22897,-0.45151,-0.6398
Rik83O3m,-0.45125,-0.08869,-0.50154,-0.31753,-0.2958
S3PCzDzO,-0.3618,0.023351,0.81297,-0.76499,0.37526
S77BviOJ,-0.45065,0.047663,-0.48013,-0.25743,0.05876
SDdvtktF,-0.39593,-0.26575,-0.62535,-0.1779,-0.76472
SHs1AyfM,-0.24511,0.020461,-0.19122,-0.46238,0.91151
SO4zQy9k,-0.5127,-0.19856,-0.30244,-0.62897,0.5972
SOOBCoiG,-0.43886,-0.37024,-0.0037811,-0.64673,0.84831
SXkkPB7A,-0.34836,0.28806,0.30832,-0.5238,1.168
Sa93dGqq,-0.073458,0.45792,-0.98453,0.6216,0.76431
SonIG72a,-0.5282,-0.0098479,-0.41854,-0.17053,0.42604
Suf6hIBc,-0.33146,-0.047157,0.089294,-0.55748,0.8949
Sx2JeSRz,0.19298,0.091092,0.56282,0.56974,-0.44271
T1Tlftr4,-0.22592,0.39327,0.7413,-0.73621,1.2824
T7ulR4ci,-0.52149,-0.13871,-0.084208,-0.87121,0.98635
TA1NB3Br,-0.3577,0.053189,0.070094,-0.40509,0.68759
TFZUskaK,-0.018765,-0.14784,0.099453,-0.13039,-0.71903
TNL8HGWZ,-0.0095769,-0.18602,-0.078824,-0.1713,-0.83052
TZ8z1GSF,-0.43511,0.008956,-0.56528,-0.33419,0.11438
TqhRvkJJ,1.3122,-0.15925,1.5095,-0.60071,-0.32678
TtJCUiY4,-0.46864,0.067669,-0.044805,-0.89919,1.445
TwDq0lua,0.02499,0.17324,0.53114,0.20037,-0.39697
Tzyf02sI,-0.36717,0.18442,0.14875,-0.40328,1.1015
U3yI6ZS5,2.9909,-0.021385,1.9309,1.5405,-1.0647
UBLnXZAN,-0.089136,0.010868,-0.85202,2.5233,-0.63669
UBWDzleg,-0.41129,-0.63101,-1.4564,1.0497,-0.90893
UBqkX6SY,1.62,0.1377,1.801,-0.067963,-0.94628
UCIAi1Aj,-0.031398,-0.29495,-0.65282,0.00591,-0.68803
UPbXGvCS,0.12825,-0.34117,0.13055,-0.015958,-0.96542
UeWm1l9F,-0.21339,-0.28693,-1.0392,0.88606,-0.50296
UhucscY7,-0.43098,-0.11734,-0.6558,-0.41011,-0.55709
Uri1SvHV,-0.0041817,-0.26006,-0.0072656,-0.06045,-1.0571
UzxipGJS,-0.60837,-0.32266,-0.61446,-0.52545,0.38021
V74zfaAQ,-0.15739,-0.20101,-0.28607,0.033277,-1.003
VBPxBLTh,1.9686,0.1446,1.709,0.66741,-1.0572
VLG7CXYS,-0.26332,0.096449,0.071186,-0.14046,0.48139
VNk52SpF,-0.3417,-0.35531,-0.92093,1.1402,-1.3061
VOREKsok,-0.55071,0.16096,-0.56914,-0.72711,1.5813
VRhTr5pX,-0.34885,-0.6628,-0.2736,-0.67192,-0.17569
VTcG4Kcw,-0.249,0.51707,0.70657,-0.42243,0.96024
VeKiWSbS,-0.38992,0.021307,-0.11064,-0.41484,0.54642
VnU8nJHU,-0.44269,-0.1662,-0.16936,-0.42845,-0.14328
VueNCxYv,-0.43094,-0.18267,-0.19524,-0.18391,0.40715
VxuQTRUl,-0.43775,-0.17068,-0.25309,-0.37255,-0.30424
W5lgaocA,1.5505,0.61529,2.4557,-0.39661,0.089627
W5mMq9Ef,-0.38958,-0.29261,-0.75764,0.37859,0.22185
WDhNqFpS,0.032539,-0.14125,-0.22482,1.1977,-1.3864
WE6n1kZi,-0.40706,-0.38783,-1.2753,0.20877,-0.75534
WFk6r3vA,-0.58094,-0.021661,-0.44156,-0.39847,-0.019279
WFyIrsUR,-0.57453,-0.6932,-0.66316,0.61061,-0.85907
WG6ZAsqR,-0.58122,-0.040668,-0.75297,-0.79462,1.2652
WMq3CZQk,-0.47465,-0.47253,-1.2262,0.75576,-1.161
WRskmGjh,-0.51875,-0.22504,-0.49859,-0.47292,-0.42544
WXijSglj,-0.3895,-0.38213,-0.8658,-0.47141,-0.80225
Wc0stQgu,-0.32722,-0.42249,-0.97914,0.25272,-1.0764
WewoSCUB,-0.51061,-0.39558,-0.82784,-0.72347,0.12117
WuHuhHWJ,-0.30855,-0.12632,0.16758,-0.59541,0.86333
Wv7EBtZb,1.1144,1.0021,1.5088,0.11704,-0.94756
WyPlxDn0,-0.49478,-0.011668,-0.19389,-0.64765,0.93204
X3WqoSNN,2.1859,-0.22787,1.595,0.56296,-1.1748
XDhyP9KB,-0.63635,-0.22668,-0.70628,-0.16636,-0.62542
XQxhDRMG,-0.28044,-0.01968,-0.94205,-0.17985,0.78626
XjLNAwxW,-0.18793,-0.36296,-0.34472,0.27174,-1.2432
XjfVQbXd,0.3723,0.90719,1.8971,-0.56017,-0.44271
Xovczbf6,-0.53342,0.046198,-0.79332,-0.74238,1.6305
Y8H4onBf,-0.58138,-0.27009,-0.57571,-0.64442,-0.20295
Y8YgzSZ9,1.8183,1.1769,1.7754,0.7164,-0.52202
YC4PNV20,-0.46715,-0.16436,-0.17826,-0.49411,0.91582
YDHSCRdd,3.3059,0.052879,1.9219,1.9409,-0.76593
YIJ87aME,-0.37562,0.056411,-0.17754,-0.27966,0.11713
YKvT4dFv,-0.36987,-0.55923,-0.54426,-0.11638,0.13773
YNebALR2,-0.408,0.097642,-1.1432,-0.20014,0.3944
YNrnqFyb,-0.11067,0.29315,0.077636,-0.072894,-0.0061704
YUZ4lR3m,-0.37077,0.05419,-0.15018,-0.41478,0.37989
YYLvjoVC,-0.09375,0.36326,0.40256,-0.32121,-0.05539
Yb8OtMb2,0.16325,-0.19651,0.32347,0.17598,-0.8922
Ycg4lTYw,-0.12347,-0.22011,-0.60805,0.47385,-0.95388
Yfk6tekH,0.19629,0.34835,1.1222,-0.64645,-0.68883
YoSfgmR6,-0.51202,0.12413,-0.51177,0.0055016,-0.03656
YpzFvexy,-0.1726,-0.40498,-0.78293,-0.026696,-0.45703
Yxqppfa3,-0.16859,-0.14427,-0.018226,0.10052,-0.7477
Z16jTUvP,-0.39924,-0.17779,-0.39535,0.080441,0.01995
Z2BdCCbJ,-0.37451,0.04836,-0.088281,-0.48117,0.99165
Z2JJMM6V,-0.16021,0.11393,0.059243,0.047303,0.27101
Z5jE1OB5,-0.46982,0.013151,-0.14231,-0.16866,0.38676
ZFsIqYxA,-0.098136,0.037925,-0.41265,-0.05432,-0.18909
ZHDVsoRh,-0.52274,-0.42363,-0.69758,-0.30731,-0.38688
ZSmfu2Fc,-0.77252,-0.32498,-0.85056,-0.025169,0.056486
ZU8YXF3H,-0.5327,0.093989,-0.61248,-0.79267,1.5616
ZXKaNy6Z,-0.41662,-0.19626,-0.97456,-0.53576,0.53617
ZbYLo0zK,-0.10896,-0.23435,-0.11994,-0.68045,0.081193
ZedN8Gcn,-0.53575,-0.36971,-0.48673,-0.63667,-0.23512
ZgD4Dau6,-0.18893,-0.40675,0.3556,-0.54804,-0.33953
Zgzf79LA,-0.48888,-0.38032,-0.84635,-0.65192,-0.22612
ZjqzxDOF,0.451,0.54674,1.661,-0.59637,-0.22163
ZsZ5aDpq,0.024736,0.50364,0.074032,0.87706,-0.95747
ZtyqE7If,-0.48887,-0.18548,-0.4458,-0.33799,-0.85399
ZvUgz01f,-0.30959,0.0073884,0.65288,-0.90485,1.0011
ZwrhgdQV,0.73052,0.091813,0.75697,1.5246,-0.78974
a7bhJGBU,2.0252,-0.1956,1.5547,0.63681,-1.0148
aHpv6KzP,3.165,-0.13409,2.0807,1.1075,-1.1606
aINzEBVN,-0.20873,-0.3447,-0.6624,-0.28085,-0.90396
aP9EtTGF,2.6398,-0.42195,2.0841,-0.13429,-0.97557
aV6EhtSL,-0.38702,-0.12066,-0.28163,-0.41438,-0.29084
aVZsXKoH,1.8985,-0.13653,1.9685,-0.31075,-0.87895
aYVnVJvc,0.10008,-0.019592,0.26398,0.42826,-1.0404
abCzN1zx,-0.45796,-0.51299,-1.1907,0.50147,-0.91192
ae7sMiB4,-0.27835,0.31124,0.045107,-0.16506,-0.22854
afsVuCGV,-0.66354,0.045904,-0.56913,0.58582,0.26674
aiwBQETI,0.074617,-0.13785,0.098216,-0.055696,-0.85947
aiyli4EI,2.1262,1.7484,1.7767,1.8653,-0.69716
apJ7NmzD,2.2504,0.090523,2.1392,0.057574,-0.83665
atVjNMtQ,-0.24547,-0.22927,-0.83757,1.0201,-1.3995
b5GirVGV,-0.44325,-0.68301,-0.35971,-0.78488,0.33814
b9SpMjNB,-0.15275,0.35769,0.32868,-0.22085,0.91499
bAFs37yy,-0.46685,-0.30881,-0.16471,-0.7814,0.85301
bDia1hHV,-0.54765,-0.37091,-0.39129,-0.054685,-0.8168
bFkv5Mtr,-0.12142,0.14086,0.1355,0.35841,-0.25534
bHe2IXgA,-0.32962,-0.30139,-1.091,1.1999,-1.3826
bWX3vUm5,-0.066852,-0.088275,0.048117,0.1309,-0.92294
bat8tcGs,-0.21634,-0.73129,-0.3685,-0.049015,-1.0327
bfjej4wu,-0.45339,-0.17166,-0.76595,0.16347,-1.0509
bh04YDiP,-0.44329,-0.51936,-0.49008,-0.030602,-0.27746
c110Fdc8,-0.36544,-0.22154,-0.31217,-0.54752,0.15729
c32GUzMa,-0.45835,0.1218,-0.74412,0.21148,0.48834
cT6uU0B0,-0.34243,-0.26459,-0.56131,-0.37665,0.81498
cWXCiFwh,-0.51182,0.17738,-0.39606,-0.17231,-0.30669
ceNvS3yd,-0.3729,-0.26571,-1.0508,-0.032937,0.12021
cmwdt4Av,1.4918,0.0023163,1.6185,0.17132,-0.97198
cn4EHsup,-0.20253,-0.40128,-0.95751,-0.0018434,-0.26883
crVOGGTT,-0.2868,0.00072994,0.050894,-0.93647,0.70141
csPEJ1E5,-0.44906,-0.18333,-0.30415,-0.59925,-0.34975
d0UrRtMk,-0.53456,0.10219,-0.53354,-0.78113,1.5114
d6LU4G4I,-0.24878,-0.11241,-0.58312,0.50066,-0.22749
d74T1DVv,-0.43142,-0.42603,-1.1153,1.7165,-0.83881
dR6rM1tQ,-0.083496,-0.52395,0.064896,-0.020648,-1.1056
dUNxOoqg,-0.40716,-0.14351,-1.0854,0.83729,-0.68871
dUnlyhj7,0.42863,0.026655,1.3031,-0.77302,0.081345
dVDlnZQ6,-0.32338,-0.13798,-0.84204,0.49232,-1.074
dVT26GDu,-0.34532,-0.068415,-0.30961,-0.74979,0.32383
de43ycXY,0.34635,0.5295,1.2366,-0.83356,-0.28007
dfIn7m9z,-0.62479,-0.47669,-0.83753,-0.37885,-0.35633
dhmb9ZY9,2.9594,-0.012044,2.0157,0.97337,-1.0322
dn8kCuyf,-0.30617,-0.13586,-0.53725,-0.58946,0.51743
dpcquvWW,-0.52929,-0.54578,-0.61345,-0.44837,-0.14621
dqcbIMyr,-0.63844,-0.16199,-1.0506,-0.23452,0.0020528
drWgsBf5,-0.41194,0.064265,-0.63243,0.23474,-0.64133
dytx0HSe,-0.59267,-0.045649,-0.98369,-0.76173,1.2869
e4KkkIha,1.3986,1.1447,2.0276,-0.50794,-0.66326
e9YorH4m,-0.070168,-0.020224,0.30209,-0.9265,0.51159
eB9gVQ0R,-0.082385,0.31679,0.01837,-0.59748,0.49486
eMhLFqU6,-0.34252,0.085588,-1.163,0.25274,0.24122
eMllg1qm,0.43525,0.93208,0.8593,0.037807,-0.7061
eNPunZ9i,-0.098837,0.21078,-1.078,0.78352,0.31849
eS5BSM4J,-0.48445,-0.10268,-0.37097,-0.73179,1.2773
eVGMFoOI,-0.12093,-0.059281,0.35,-0.92158,0.5826
eaIwb3rG,-0.1254,0.72443,0.05849,-0.25192,1.011
eyzw8Vis,-0.46645,0.22423,-0.31217,-0.57928,1.35
f04Ke2bN,-0.26928,-0.013629,-0.54738,0.21799,0.26538
f4GA0te1,-0.4944,-0.3473,-0.40195,-0.92427,-0.0077202
f7bd91h5,-0.53824,-0.13892,-0.20281,-0.80585,1.1624
fB7z9ndr,-0.2213,0.29117,0.55934,-0.51644,1.2217
fEe7AWFA,-0.36959,-0.46578,-0.084472,-0.26043,-0.8474
fJJIbgY9,0.28908,0.64705,1.2659,-0.63367,-0.65381
fQBURMvg,-0.42056,0.040627,-0.28797,-0.48561,1.1072
fS0HpOub,-0.48536,-0.43205,-0.3235,-0.60611,0.39534
fTDXauuk,0.42672,-0.11538,1.0219,-0.67443,-0.68352
favPNA2N,0.027725,0.52961,-0.65791,0.53335,0.56154
g3Fv0U4k,-0.19158,-0.02266,-0.76138,1.0604,-0.54907
g5PKo2E2,0.19186,-0.19106,0.83497,-0.075835,-0.43456
gbjnD5fe,-0.44401,-0.3205,-0.52937,-0.84468,0.048793
ge9zqXCv,-0.48154,-0.37347,-0.73125,0.44972,-0.83184
geeqJpSE,-0.43639,-0.20746,-0.071493,-0.77146,0.88589
gqy1J2RS,0.19767,-0.15126,0.50271,0.14723,-0.72478
grlUtS3H,-0.013361,-0.19442,-0.30374,0.58719,-0.42845
gx965KYj,-0.30665,-0.17528,-0.27043,0.12228,-0.42526
h3F08Vjm,-0.41382,-0.13118,0.0084799,-0.54031,1.2984
h6FQG8Iy,-0.12017,0.38151,0.64572,-0.59204,1.0785
h7ftM8b3,1.5906,0.15963,1.75,-0.16899,-1.0401
hLrCHXZv,0.089881,-0.21326,0.30868,0.05982,-0.88459
hQ6VBuFx,-0.07168,0.40372,-0.021458,-0.53056,0.48261
hYoR2y7w,-0.46491,0.046833,-0.52772,-0.065972,-0.82189
hf65yZkM,0.36167,0.25906,0.39933,1.2859,-0.97779
hjuwe1x4,-0.2065,-0.15632,0.26592,-0.40872,0.20234
hyINlsFR,-0.14181,0.53785,-0.061037,0.26922,0.70383
i0Qlm9Bv,-0.3756,-0.065969,0.19448,-0.51121,0.84745
i1VxfxMb,-0.52861,-0.19139,-0.042043,-0.56265,1.0174
i2l6jXNP,-0.44743,-0.38771,-1.0636,-0.11507,0.2266
i4FgPZv7,-0.43189,0.25204,0.25264,-0.73353,1.1127
i7XtIkSi,-0.61422,-0.0026757,-0.5714,-0.39702,-0.29634
i9z346Ut,-0.23963,0.057642,-0.612,0.92298,0.55171
iDOat4cZ,2.1133,0.40106,2.0521,-0.18256,-0.91852
iNv6RoSO,-0.13162,0.024657,0.032446,0.011154,0.25699
iSL9NYzy,3.4335,-0.2528,1.96,1.9037,-1.0845
iSqVc1r8,0.10226,0.9281,1.1954,-0.74633,-0.27389
iYZMftt6,-0.63492,-0.3485,-0.45009,-0.43233,-0.75678
ieTPaa3c,-0.30351,-0.0089429,-1.0522,-0.10675,-0.3977
if7BmzU0,-0.42526,-0.21798,-0.099709,-0.76163,0.92003
ihNz5bmx,-0.24415,0.070823,-0.76493,0.57224,-0.6089
ikJXKdIN,-0.5094,-0.39539,-0.45968,-1.0211,0.56328
iq2kxikN,0.0097622,-0.23669,-0.28561,-0.082494,-0.93057
iuZEDJK7,-0.53261,-0.19697,-0.44749,-0.58436,0.60001
iyF8gVT7,-0.39963,0.097076,-0.10229,-0.67277,1.4727
j06qdQ0V,-0.44771,-0.41279,-0.47489,-0.34345,0.17033
j7hl8svO,-0.4757,-0.20866,-0.45151,-0.034423,-0.90711
j8hMoJUN,-0.35879,-0.255,-0.65804,-0.57359,-0.2802
jNaFasbV,-0.55959,-0.68628,-1.3864,0.59949,-0.96512
jVVHeYHT,-0.7796,0.23068,0.57176,-0.77134,1.1412
jXm4ySvK,-0.37347,0.089139,-0.050485,-0.35668,0.59685
juO5ii5l,-0.47441,0.43134,0.62887,-0.83507,0.3944
k2hdEBsU,-0.47241,-0.24456,-0.171,-0.82043,1.2871
k3ynMfhN,0.039562,0.72472,1.3688,-0.45868,0.96763
k9C9yBtr,0.05378,-0.18023,0.26723,0.20976,-0.86135
kAKRvcRo,-0.44517,-0.068092,-0.68784,0.75751,-0.95945
kBi3R2oC,-0.36341,-0.10796,-0.095915,-0.34925,-0.2962
kDWmnsXe,-0.086753,-0.19522,0.29814,-0.4385,-0.0026611
kSGBd2Vh,-0.39382,-0.32491,0.052389,-0.75266,0.65346
kT0miHPT,-0.55683,-0.44459,-0.59717,-0.45366,0.13574
kaW0TfRn,-0.35044,-0.52985,-0.04237,-0.64013,0.14384
kmg3SowO,-0.232,-0.31544,-0.89486,0.43197,-0.42595
kpxKSlnF,2.3059,0.097803,1.9604,1.0156,-0.3555
ku2cn1MV,0.65092,0.97736,1.4649,-0.22813,-0.127
l1su5HU9,-0.48019,-0.035799,-0.24438,-0.54709,0.33403
l8Tg2RvD,-0.58553,0.61185,0.73749,-0.67942,0.81427
lB6NsVOc,-0.42011,-0.41085,0.032027,-0.74235,1.0825
lEcdVyKk,-0.55463,0.062288,-0.61601,-0.57612,1.1631
lH4TasGl,0.035935,-0.090068,0.8454,-0.71645,-0.40834
lO9aggHW,-0.067358,0.065042,0.25062,0.32398,-0.059292
lW3m9Vzu,-0.60002,-0.39149,-0.56223,-0.32986,-0.26618
lYLseGDP,0.28324,-0.39824,0.1703,-0.5646,0.012447
lcOnCdZi,-0.43416,0.27845,0.73394,-0.89777,-0.19559
le9YGwON,-0.15888,-0.021246,0.011727,-0.30155,-0.30042
llMvu3TX,2.2093,-0.19713,2.642,-0.57627,-0.25357
lnHh2jFO,0.13775,0.25551,1.42,-0.90369,-0.086917
m07CVXd4,-0.25376,0.18146,0.80119,-0.86481,1.2391
m1lPk91z,-0.33905,-0.14563,0.37167,-0.76505,1.2226
m9IQdmwa,-0.48434,-0.27607,-0.44114,-0.70993,0.66167
mG9BRy5x,-0.45217,-0.019751,-0.33422,-0.18141,0.18024
mVHXnama,-0.28096,-0.38425,-0.6847,-0.28979,-0.75382
mXyrR6nU,-0.48118,-0.20732,-0.62234,-0.50896,0.59551
mbzNdxNc,-0.48353,-0.31798,-0.60689,0.37174,-0.39529
mntH7g3L,0.1125,0.50282,1.1773,-0.93435,-0.11457
msRTXP3H,-0.2968,-0.21984,0.025261,-0.19292,0.60552
mxBjvIPR,-0.45419,-0.38203,-0.504,-0.67745,0.31345
n8Opmfbz,1.9346,0.24882,1.6994,-0.29734,-0.32879
nOkgU29Q,0.026733,-0.18302,-0.7921,0.71674,-1.0219
nhttf7VM,0.14312,1.1481,1.1296,-0.02443,0.17873
njLbXYa3,-0.40272,-0.44535,-0.4802,-0.54428,-0.65593
nwkIpzmh,0.5695,0.39996,1.3803,-0.38281,-0.27107
nzB1R9Zg,0.23774,-0.090695,1.0717,-0.92938,0.086747
o1rZRI84,-0.54462,-0.041442,-0.56142,-0.51308,-0.23711
o7q5Mbty,-0.29321,-0.39302,-0.21539,-0.2055,-0.98401
oCBvysqB,-0.64809,0.061012,-0.36931,-0.28226,-0.23015
oDmycTPH,-0.42122,-0.47313,-0.15105,-0.95062,0.93679
oFAXZvQv,-0.61123,-0.074259,-0.51471,-0.3303,-0.11858
oHE3M1zX,-0.071982,0.24207,-0.5644,1.4799,-0.069638
oMhVmSpV,-0.76249,-0.20092,-0.74933,-0.57422,-0.44487
oNsDqVbi,0.15315,0.64234,1.2503,-0.68948,-0.37036
oYAJqQk8,-0.40131,-0.55418,-0.45935,-1.0157,0.18518
ob5Kb6dW,-0.59462,0.04213,-0.76268,-0.60995,1.1583
obnzqs79,-0.4819,-0.32748,-0.81741,-0.58425,-0.3856
oncLcgRP,-0.40401,-0.40151,-0.87784,-0.31075,-0.31303
ooWVYaAe,-0.15979,-0.086428,-0.82557,1.1026,-1.0761
osdyOUnV,-0.31831,0.1704,-1.0922,0.56999,0.077421
p7H9CzCv,-0.12976,-0.23253,-0.95109,0.92366,-0.75147
p7U9hVhY,-0.46364,-0.07587,-0.49397,-0.55359,0.83129
pE6Cf1RV,-0.30118,0.39541,0.46727,-0.60557,0.89975
pI7qzotI,-0.072919,0.097719,-0.043502,0.20329,-0.62758
pJrIA4sk,-0.34742,-0.78856,-0.43043,-0.5101,0.019823
pXne2CLZ,-0.36237,-0.3943,-0.56208,0.89591,-0.9952
pZMcDIOS,-0.50672,-0.44544,-0.45718,-0.68206,0.67798
pavfp3cc,0.22695,-0.231,0.91299,0.079907,-0.8717
pbQdC5L3,-0.60507,-0.29583,-0.57351,-0.65659,0.13892
pgj7aAFP,-0.28209,-0.20852,0.065188,-0.1861,0.30026
pxg8G3ed,-0.22383,0.4973,0.071042,-0.17703,0.88307
q36Npk6l,-0.52094,-0.48882,-0.47464,-0.84211,0.92882
q4aDOVvq,0.42499,0.66123,0.77927,0.19753,-0.89239
qGmfR9CN,-0.18809,-0.27768,-1.096,1.4111,-0.75263
qJ51ODpA,-0.27551,-0.36234,-1.1049,0.36353,-0.36795
qQX3cs3I,-0.21298,0.74049,1.0148,-0.69336,0.31527
qXeIxPb8,-0.47287,-0.062925,-0.358,-0.40279,0.78174
qYQ4MShM,0.092766,0.081592,0.074887,0.31252,-0.91334
qa0etnhK,0.13891,-0.15677,0.29604,0.20706,-0.63533
qbL4sboq,-0.64391,0.4189,-0.33561,-0.6207,0.95614
qbYrsWHq,1.1128,1.1293,2.1121,-0.043325,-0.34524
r1zmcUqQ,0.43871,0.60148,1.0152,-0.76994,-0.58363
r54iHeQC,-0.34343,-0.13546,0.036124,-0.64856,0.8534
r6xrAnQV,3.8459,-0.062333,2.239,0.51204,-0.20967
r9HxnQDg,-0.08856,0.13243,0.75035,-0.25012,0.90219
rG8Puuf9,0.84583,-0.10799,1.1734,0.19533,-0.79609
rGuiefuR,-0.53737,-0.5847,-1.1397,0.36478,-0.81983
rJ19OhGP,-0.49306,0.14605,-0.52055,-0.55522,1.2442
rOCYepHd,0.06839,0.27933,0.99091,-0.58226,-0.16287
rQJaOPFI,0.08116,-0.15133,0.49535,-0.27922,-0.0015064
rQhZtZeh,-0.10519,0.51925,0.90416,-0.61624,1.2322
rapmok0w,-0.11005,0.63583,-1.2386,0.84858,0.092507
rgzfnPVu,-0.45783,0.30708,0.76927,-0.75571,0.47688
ri4qhb1S,-0.45569,-0.34193,-0.41777,-0.67465,0.39752
rqpFYzff,-0.53185,-0.057239,-0.34576,-0.68737,0.3546
rrs22coX,-0.32756,0.034785,0.15465,-0.34115,1.2611
sEeUCQLc,-0.64768,-0.043797,-0.91743,-0.35356,0.62048
sHScwqQl,-0.32876,0.10692,0.42195,-0.80119,1.2873
sNC7DiAt,-0.49439,-0.15702,-0.22752,-0.56663,0.93108
sNK2TSs3,-0.31941,0.10038,0.30828,-0.37234,1.0554
sO7Su6uw,-0.24275,0.20495,-1.2453,0.10748,-0.058411
sOWZx89o,-0.68431,-0.27254,-1.1367,-0.68876,1.2062
sPbRcPjC,-0.086212,0.093907,0.019596,0.21619,-0.80598
scVUfTKI,-0.041194,0.31265,0.072129,1.3121,-0.69237
seRaGeVv,-0.65095,-0.047599,-0.31616,-0.52819,1.0063
sgtwiYWi,-0.42638,-0.32298,-1.0465,-0.080001,-0.19915
sjmLHcT6,-0.56149,-0.2258,-0.56671,-0.66219,-0.007068
skZUZZGS,-0.37102,-0.13921,0.047701,-0.37386,0.33061
suAmzADX,-0.35091,-0.28661,-0.77678,1.4032,-1.0516
t4GWLqlO,0.47849,0.074521,0.97752,-0.44012,-0.16291
t7gy6Jyy,0.52513,-0.18004,0.93165,-0.75345,0.063206
tBadzH60,2.2711,-0.018662,2.2931,-0.10462,-0.6621
tXUWm0hp,-0.16324,-0.39536,-0.44175,0.48618,-0.45173
te6UPPxf,-0.64452,0.029684,-0.57054,-0.31793,-0.60708
ti2lamkL,0.17439,0.2771,0.75476,-0.41822,-0.15592
tr0lpwuU,-0.2158,-0.32955,-0.65351,1.9033,-1.2268
ttdB5C73,-0.3907,0.073059,-0.10528,-0.48839,0.74426
twS8YZu9,-0.1921,0.03471,-0.41545,-0.5144,-0.053231
tx68W34H,-0.6129,-0.51854,-1.3015,1.1407,-0.67786
tyQSX4mY,-0.42031,0.041009,0.47269,-0.82443,0.3551
tylKCRc0,-0.47199,-0.35075,-0.38384,-0.47594,0.40934
u1544WUo,-0.31536,-0.11491,-0.69263,-0.58767,0.38178
uAw9an0d,0.1302,0.0383,0.42955,-0.25303,-0.21887
uLZAEXMG,2.4702,-0.22386,1.9321,0.1541,-1.0195
uMwe1s7I,-0.42102,-0.65485,-0.60037,0.62432,-0.76342
ufhGeV3q,-0.53426,-0.1304,-0.49791,-0.62756,0.46168
uhAeGBHo,-0.14677,-0.35487,-1.1014,0.68093,-0.82053
ujHNlqpw,1.0994,0.6569,1.3706,0.095072,-0.877
ulV6kuhB,-0.36796,0.013473,0.064731,-0.44098,0.67622
uohEnNEK,-0.4353,-0.063354,-0.83081,0.88748,-1.0738
v1lhA8I4,-0.34837,-0.13192,0.26424,-0.62421,1.3932
v3JzigLI,-0.5636,-0.27389,-0.71537,-0.81695,-0.0031851
v5IwjyIg,-0.48731,-0.13425,-0.66918,-0.28466,-0.81745
v6lp5TK1,-0.27115,0.073459,0.54988,-0.83696,1.3009
v8vOaaWq,-0.29084,-0.47498,-1.0583,0.1019,0.13717
vAYKtoil,-0.56572,-0.13547,-0.59035,-0.20737,-0.68385
vGTNQa6G,2.7837,0.036277,2.0831,1.3027,-0.48727
vQzNxHoL,-0.41253,0.11999,-0.48675,-0.3927,-0.70685
vfZGBUJm,-0.10207,-0.28993,-0.11243,0.050337,-0.67959
vlooVUoT,0.017151,0.057519,-0.42276,1.106,-0.80434
vrACvd4O,-0.41462,-0.64609,-0.38693,-0.4202,-0.3327
w8hdjLwb,-0.56692,-0.11248,-0.025979,-0.73374,1.0807
wAntv4gH,0.28171,0.73256,1.7573,-0.64061,0.51885
wIUL09q0,-0.53402,-0.43415,-0.84895,-0.72246,-0.0011582
wOzx7Fgz,-0.24351,-0.57413,-0.25056,-0.49681,-0.1325
wPhjhCJQ,-0.48446,0.080778,-0.648,-0.58768,1.3304
wQSWWmYB,-0.29343,-0.35947,-0.46065,-0.46433,0.58638
wdIMrXwy,2.0194,-0.028517,2.5394,-0.47835,-0.40966
wiL9npQc,-0.5842,-0.085115,-0.51942,-0.75029,0.96365
wnU95Cxn,1.5239,0.59783,1.9005,-0.60655,-0.7636
wpJbbjJs,0.18131,1.1624,1.0509,-0.14639,-0.081393
wsOWTAbI,1.2753,-0.069558,0.97509,1.8157,-0.91809
wtdBcU3U,-0.41877,-0.25393,-0.54395,-0.79317,-0.15655
wuKXVxOc,-0.44416,-0.10883,-0.88675,-0.48274,0.83113
wyzadAt8,-0.53636,-0.35025,-0.54664,-0.44042,0.68085
wzaKzYwi,-0.038704,-0.38046,0.58368,-0.85406,0.79264
x6GCk4EV,-0.35498,0.013067,-0.21167,-0.48905,0.50085
x6lUi3vf,-0.061672,-0.43852,-0.064408,0.4905,-1.1633
x8mwDHv9,-0.42126,-0.38394,-0.35272,-0.41289,-0.11516
xIYm6puH,0.87205,0.84731,0.39862,0.9248,-1.1593
xO6UdpsK,0.62733,0.95927,0.79816,-0.28449,-1.0922
xQ2bkOvj,-0.4694,-0.43743,-0.55091,0.4622,-0.85381
xeXyDCEQ,2.7801,-0.13398,1.8495,1.221,-1.2099
xrggHziO,-0.33352,-0.28934,0.41072,-0.63854,0.041512
y1WMCmqQ,-0.47471,-0.35769,-0.5185,-0.55296,0.070924
yDngezhM,-0.23293,-0.31114,-0.45636,-0.62777,-0.35235
yLiFjMD0,-0.33733,0.0067131,-0.031011,-0.98481,0.65017
ySwEBO7w,-0.61343,-0.11463,-0.63388,-0.21571,-0.79127
ydC9UsSm,-0.096588,-0.38313,-1.0179,0.55002,0.024109
ydEG4VBd,-0.43344,-0.076226,-0.83187,-0.43628,0.60798
yf76yWXc,-0.2857,0.73869,1.1418,-0.67496,-0.32035
yg70e63n,-0.52532,-0.030276,-0.62498,-0.20453,-0.39839
ywxtlSKv,-0.59257,-0.43403,-0.67937,-0.47271,-0.11292
yzKPQPOR,-0.36674,-0.68467,-0.43492,0.2953,-0.59032
z5cnOnZ1,-0.28769,-0.47437,-0.3951,-0.52556,-0.64025
zFLkOE0e,0.12427,-0.047587,0.46981,0.45862,-0.91082
zGi72mxL,-0.60399,-0.45554,-0.55524,-0.1814,-0.83139
zN925UV3,-0.32523,-0.072019,-0.69781,0.67378,-0.93817
zTy2ih7e,-0.5208,0.15208,-0.78367,-0.42149,0.87349
zVFzAutw,-0.35817,-0.041103,-0.24374,-0.5029,0.35153
zYxNAkht,-0.5002,-0.29106,-0.63264,-0.71817,0.40841
zaWDBai3,-0.22334,0.49876,-0.1887,-0.18797,1.4071
zg3u0Zsx,-0.4406,0.47307,-0.29281,0.060533,-0.054634
zlwLfdsS,-0.52297,-0.52779,-0.72506,1.3885,-1.0594
zmbKzVfl,-0.26482,0.20649,-1.3736,0.32595,0.23089
