PIDN,Ca,P,pH,SOC,Sand
09gt9UK5,-0.6322,-0.31545,-1.2081,-0.64734,1.1499
0BVvxJ6a,0.28723,0.02886,0.74692,0.23062,-0.63484
0KbdgApg,-0.07166,-0.14603,-0.10555,0.12252,-0.90122
0MnuuduB,-0.32103,0.038633,-0.44729,0.59778,-0.90968
0PcIsF9z,-0.14944,-0.40817,-1.0229,0.043709,-0.15023
0ShTFLYJ,-0.44684,-0.50726,-0.62449,-0.95203,0.07324
0XZh9jka,-0.43616,0.072956,-0.57071,0.70288,-0.983
0Y7Wegri,-0.23841,0.11763,0.53952,-0.16885,0.62814
0dTqplIM,0.062,-0.057444,0.22947,0.27896,-0.98406
0lNiZicC,-0.28602,0.011145,-0.63905,-0.41003,-0.25669
0rGeJ0QN,-0.3904,0.13063,-0.34834,0.24872,0.050498
0sXI9ytQ,-0.50346,0.10296,-0.43579,-0.81067,1.6381
0ukt4aP6,0.66587,0.39184,1.4091,-0.58857,0.00068166
1AGspb8f,-0.41175,-0.66005,-1.394,0.54059,-0.85652
1Csy0gvE,-0.44861,-0.16305,-0.4159,-0.63845,0.55714
1Ic2hly1,-0.31331,0.33496,0.065578,-0.14993,0.40716
1PPbaTwt,-0.15532,-0.28453,-0.40123,-0.49727,0.23636
1SO5VJNy,-0.36589,-0.055378,0.055526,-0.54484,0.72328
1arHxK3Y,1.158,0.62854,1.3122,0.47889,-0.63631
1fCW4Bba,-0.33969,0.11555,0.13286,-0.28146,0.4656
1qDZNvIm,-0.54264,0.021245,-0.2738,-0.76832,1.3173
28LYJC2V,-0.44854,-0.31579,-0.92922,0.80479,-0.30581
2CzACvQq,0.64975,0.46413,1.355,-0.37663,-0.45462
2FT3crfv,-0.35747,-0.15707,-0.29921,0.11008,-0.74513
2Fy2uHVg,-0.53712,-0.15594,-0.46764,-0.57357,-0.3272
2MkMEApm,-0.35288,0.33061,0.27074,-0.62661,0.58271
2NDGWEOe,0.59854,1.1675,1.7239,-0.57248,-0.46901
2NyyCiqn,-0.43542,-0.04526,-0.090234,-0.44147,0.61022
2QRzIb84,0.66467,0.94722,2.1881,-0.32649,0.14232
2QcbdrUZ,-0.31491,-0.16678,-0.070576,-0.32385,0.46405
2YgAimWK,-0.30138,0.25688,0.41986,-0.57689,0.6377
2cx85d9H,0.26424,-0.28472,-0.0087685,0.26412,-0.97526
2homMXMV,-0.14947,0.087326,-0.79407,0.21247,0.41795
2ldLrUtq,-0.34423,-0.59572,-0.37695,-0.50609,-0.3794
2nsACW6G,-0.1471,-0.14898,-0.69616,1.2343,-1.062
2yMbVnWc,0.26618,0.43058,-1.0036,1.711,0.20018
36r8sgGQ,-0.39548,-0.14836,-0.18631,-0.8288,0.84561
3NXAXCl3,-0.34587,-0.49508,-0.74448,0.3878,-1.071
3QG0z6fl,-0.45678,-0.2792,-0.69934,-0.34113,0.032361
3WS8R9qm,-0.21332,-0.28594,-0.58424,1.7434,-1.2483
3fRLm8f5,-0.43341,-0.27441,-1.1114,0.1444,0.6461
3mZhp1nQ,-0.54515,-0.2165,-0.39426,-0.52396,0.41293
3pikJXRL,-0.34892,-0.1666,-0.71993,0.42566,-1.0211
3pxOEGHL,-0.56752,-0.24807,-0.47691,-0.7359,0.79485
3ttdV3f5,-0.42012,-0.1508,-0.34061,-0.38436,-0.47585
3v4X6Mfe,0.76997,0.28381,1.4941,-0.671,-0.0014322
3wORuPiv,-0.56409,-0.33928,-0.65349,-0.33628,-0.80207
43EfrxZj,0.032734,0.082614,0.064691,0.61662,-0.56792
457Vwm21,0.039185,0.17878,0.5272,0.23071,-0.15721
46KNnOdx,-0.36674,0.33692,-1.4667,-0.020352,0.091427
47TwNsVC,-0.34961,-0.50419,-0.98647,0.82744,-1.1922
49856RpO,-0.39941,-0.44663,-0.79516,-0.48295,-0.91986
4Ane1o2N,-0.43825,-0.65382,-0.5471,-0.5671,-0.10838
4AyVUgSc,-0.37894,-0.3305,-0.6807,-0.61214,-0.44255
4B1951On,-0.16847,0.064346,-0.10291,-0.39098,0.039201
4OL39Teo,-0.019206,0.60625,0.083108,0.66305,-0.35943
4eQ90eLY,-0.25516,-0.046156,-0.14223,0.46514,-0.47184
4o5jwMj8,-0.37441,-0.26286,-0.31526,-0.62932,0.35342
4vPgpl2c,-0.30538,-0.40806,-0.3595,-0.6003,0.71272
51r9aA0d,-0.37757,-0.32339,-0.57735,-0.75815,-0.48888
58SmeRoP,0.0046864,0.059947,-0.086165,-0.0092446,-0.37074
5HJp1AXn,-0.45879,-0.16868,-0.65428,0.83801,-0.22891
5MBZW7fx,-0.18343,0.22032,0.97745,-0.509,-0.0016527
5Nq3gHaP,0.31957,1.2282,0.42653,1.1904,-0.32784
5RmwFFK3,0.78335,0.50578,0.48343,0.27497,-1.1001
5Tu5Jbov,-0.61145,-0.065154,-0.59687,-0.24295,-0.43651
5YEolkev,-0.43009,-0.53534,-0.21071,-0.59796,-0.49547
5a8sf6QV,-0.0093791,-0.11971,0.29321,0.028908,-0.79016
5eSvmqYm,-0.446,-0.2032,-0.3119,-0.5532,-0.31023
5hkN8fiv,-0.25302,-0.4429,-1.0517,0.76302,-0.97204
5oK8Gti5,-0.63393,-0.24605,-0.57492,-0.7023,1.4146
5paniGaU,-0.59282,0.043573,-0.89913,-0.77901,1.562
5vsr7ZUP,0.66183,-0.20233,0.94799,-0.073651,-0.73518
60B4xMWI,-0.51156,0.55886,1.213,-0.97869,0.72403
64jOUtKy,0.432,0.81218,0.032281,1.7431,-0.87833
6AJo4xNG,-0.081147,0.24478,0.02362,0.21488,0.015151
6CAvhEte,-0.24344,-0.24453,-0.65862,-0.4496,0.1918
6CuGYjT5,2.3885,-0.2652,1.8288,0.56632,-1.2377
6DGH8ujZ,-0.28275,-0.28743,-1.1126,0.08378,-0.65415
6PzsGdVm,-0.23428,-0.36317,-0.85005,0.34052,-0.61309
6UcSJMbq,0.14235,0.29209,0.88763,-0.85832,0.10369
6WJbkH8U,1.0609,-0.17603,1.4851,-0.28545,-0.85901
6eUWsVzw,0.14692,-0.067811,0.89841,-0.1249,-0.57255
6gNyO7Do,0.2093,-0.18042,0.11436,0.40147,-0.87297
6jT0AyHe,-0.13674,-0.46301,0.24395,0.27605,-1.0299
6nBgCvWu,-0.39425,-0.1437,-0.083326,-0.4579,0.81033
6ro5mqg6,-0.36935,-0.24641,-0.2849,-0.38785,0.18497
6sGqObX4,-0.68774,-0.18057,-0.58136,-0.21001,-0.54132
6uEGy0n4,1.7456,-0.063805,1.8754,-0.23564,-0.97917
7BZ4LxP8,-0.054963,-0.39413,0.24211,-0.18329,-0.62649
7CmigXKi,-0.32104,-0.10025,-0.76994,-0.58483,-0.042781
7Ga0LpfR,1.0223,1.4541,0.060225,2.0965,-1.0165
7PQsFvsG,-0.25437,-0.35319,-1.3242,0.97079,-0.64824
7aF7nnwn,-0.5839,-0.30121,-0.60135,-0.91244,0.58782
7asGzfX9,-0.17801,-0.08962,-0.054011,-0.21345,-0.09716
7cg7C92o,0.048636,1.4552,0.38366,0.78198,0.11024
7eOxTpsB,-0.30789,0.23553,0.59184,-0.76049,1.23
7ey0v7ma,-0.38278,-0.48294,-0.64435,0.28724,-1.1434
7gocyrYl,-0.30397,-0.15517,-0.4785,0.9656,-0.15596
7gqR3GoA,-0.53187,-0.40058,-0.71675,-0.39282,-0.50264
7og7aUXB,-0.31838,-0.10793,-0.013628,-0.17375,-0.38177
7onRfa8F,0.064256,0.24386,0.27399,-0.36703,0.63709
7umkNuxM,-0.2126,-0.41383,-0.18275,0.18004,-0.42997
7vPr9ExD,-0.027657,-0.00096145,0.14858,0.048867,-0.77929
7zNjpCzu,-0.42011,-0.21141,-0.38477,-0.15696,-0.60513
7ztsQNj3,-0.59303,-0.092713,-0.57404,-0.19605,-0.43381
86gppwMI,-0.42119,0.089368,-0.57168,-0.37567,0.80575
88thAGdL,-0.3708,-0.021632,-0.26575,-0.37976,-0.28706
8GhU8STP,1.2362,0.35477,1.4036,0.3092,-1.0143
8NlzDcWe,-0.39748,-0.4067,-0.80488,-0.59185,-0.24753
8QAejdLW,-0.14552,-0.1043,-0.21531,0.14121,-0.99516
8RDeFxWM,-0.42225,-0.089859,-0.25618,-0.64979,1.2451
8UXP2NBS,-0.37486,-0.37339,-0.19282,-0.49811,0.40389
8ZoV3KGT,-0.28707,-0.21602,0.049813,-0.267,-0.46752
8ajs2uG8,-0.48334,-0.19019,-0.79531,-0.27624,-0.48163
8bXnz62p,-0.25793,1.1034,0.43645,0.31199,0.67419
8nO1O1LG,1.8691,0.47256,1.4296,1.4336,-0.88182
8xE1p8g8,-0.58635,-0.039647,-0.52763,-0.39528,-0.1653
8yMDVMRM,-0.47298,-0.26503,-1.087,-0.55697,-0.68821
98R5VaPi,0.87311,0.31885,2.2451,-0.79958,0.8079
9DcTz2Ua,2.611,-0.054648,2.0051,0.8691,-1.0466
9G7nfUrK,-0.27708,-0.21603,-0.13871,-0.4611,0.23825
9O6GZ1HT,-0.1317,0.3737,1.0085,-0.71373,-0.38927
9S7fCoAM,-0.36143,-0.11549,-0.079125,-0.34365,0.50821
9iQwmFJR,-0.27359,-0.27818,-0.14699,-0.56302,0.12512
A3Mt6SAQ,1.2401,0.12936,2.3572,-1.1862,0.50183
AJIsQIcV,-0.38909,-0.14924,-0.71837,-0.42905,0.42043
AMHKXMh8,1.7785,0.22253,1.8085,-0.068129,-0.79314
ASwA2J4E,-0.34793,-0.011871,0.13655,-0.47102,0.71686
AaFvEoHq,-0.50236,0.30959,0.84237,-1.0241,1.0142
AiIPD6hX,-0.42663,-0.23547,-0.53743,0.46991,-0.46404
AsIURvJS,-0.52227,-0.32586,-0.83231,0.62195,-0.92659
AsvgbJ0C,-0.093769,-0.23414,-0.69656,0.63954,-0.12309
AxEhbkCM,-0.40518,0.51553,-0.47387,-0.46789,-0.37433
B7VPkIpx,-0.64801,0.3827,0.80566,-0.841,0.77888
BBwHqHiH,-0.11474,-0.19341,-0.045448,0.028103,-1.0115
BMyps8hr,-0.31828,-0.30033,-0.31855,-0.14626,-0.45934
BUHS4dQw,0.44001,0.4128,-0.068112,3.0674,-0.80596
BZB3EYWQ,-0.34605,-0.082616,0.036335,-0.41181,0.70584
C5UPCZcL,3.1571,-0.25689,2.0274,0.77085,-1.0523
C5gIfQbJ,-0.36922,-0.099894,-1.0834,1.4647,-1.0229
CDRuu4Pn,-0.4949,-0.27877,-0.3269,-0.80171,1.049
CQhTYkqE,0.29736,0.015522,0.6364,0.32878,-0.84104
CSEobMXv,-0.25055,0.001938,-0.82431,1.014,-0.74028
CYMQE4x0,0.028036,0.75426,1.3685,-0.29596,0.65871
ChQdtl4J,-0.4245,-0.20304,-0.11119,-0.51212,0.28166
ChnD1nrN,-0.33368,-0.26277,-0.58827,-0.54818,-0.51247
CvtbbIcq,1.412,0.34579,1.6584,-0.045658,-0.27778
Cxk06b77,-0.26762,0.6471,0.62953,0.014739,0.14768
D3QD3ZEJ,-0.14356,-0.13256,-0.41226,0.66234,-0.10332
D8J5C6lA,0.54664,1.0603,1.0902,-0.032639,-0.83569
DCeQwYfT,-0.13534,-0.12412,0.011027,0.19896,-0.40851
DDEftkx3,-0.56521,-0.023247,-0.79248,-0.70405,1.3573
DEwCfeDW,-0.41538,0.68332,-0.10608,0.14595,0.71724
DMkIV4oL,-0.49967,-0.20727,-0.69486,-0.76273,0.85697
DnzGfbxS,-0.19634,-0.22382,-0.023372,-0.0096688,-0.71158
DoZxo6f6,-0.34729,0.031847,-0.10592,-0.65351,0.65097
DvhBPGIk,-0.6219,-0.53487,-0.47701,-0.5687,-0.29145
Dx7GoUcT,-0.43625,-0.17524,-0.12117,-0.60305,0.90644
E5hIjohO,0.30561,-0.14868,0.43448,1.135,-1.4824
E6x4XGHt,-0.66811,-0.17397,-0.74472,-0.75305,1.1565
EDEpAzh1,-0.56632,-0.094692,-0.54233,-0.31894,-0.44376
ETGudkQt,-0.34893,0.37764,0.25471,-0.49393,0.28076
EUleKrLJ,2.1157,0.058288,1.7993,0.74966,-0.82714
Ehw2Jz6s,-0.42035,-0.024202,-0.54153,-0.51674,0.076308
EjqzC4zH,-0.66662,0.084877,0.42686,-0.80075,0.61082
EkMZO3Qj,-0.36704,0.6265,0.24249,-0.62426,0.51709
EnoNXWvU,0.10586,0.37483,0.99676,-0.88306,-0.030097
Epv8ANwr,-0.32601,-0.43358,-0.45778,0.38302,-0.092276
Etro9j0B,-0.087466,1.9284,0.50834,-0.026876,0.0057462
F3MIZj76,0.0072365,-0.15404,-1.2665,0.22534,-0.94517
FB8tU00K,-0.48272,-0.34061,-1.0267,0.61975,-0.25825
FLhxBGMK,0.0035826,0.0261,0.3424,-0.13991,-0.91782
FRreR8ka,-0.42399,-0.24118,-0.372,-0.22307,0.19386
FXne4oAV,0.39775,0.99174,0.92571,-0.28851,-0.80984
FaW764jk,-0.34296,0.85549,0.76677,-0.25184,0.54919
FeAbMXly,-0.62068,-0.26398,-0.88263,-0.62573,0.86341
FeudaFXn,1.6902,-0.33711,1.8382,-0.34527,-0.84287
FldUmFeM,1.779,-0.13082,1.9676,-0.73493,-0.11282
Fnv5tfAm,-0.74078,-0.13774,-0.72892,-0.18174,-0.54604
FvrAd3Or,-0.069268,-0.15531,0.81633,-0.91711,0.53373
G48zHffi,0.27652,0.46478,1.3511,-0.8812,0.63127
G76zCv5N,-0.41141,-0.45367,-0.7677,-0.55185,-0.29773
G7JGUdNf,0.13059,-0.25012,0.31048,0.02179,-0.93703
GCo6MONx,1.1381,-0.1217,1.075,0.45197,-0.9745
GE0vbpVQ,-0.27087,-0.10439,0.25756,-0.68083,0.68947
GN0DfOqt,-0.31427,-0.35778,-0.13443,-0.60148,0.12776
GNsTAb1v,-0.51407,0.019358,-0.59502,-0.36507,-0.79747
GPwmO21z,-0.48359,-0.55421,-0.54075,-0.12599,-0.41186
GQYpfLoh,0.87704,0.21947,0.27725,0.49796,-1.1205
GR9knT8n,-0.24468,-0.34434,-1.2244,0.8529,-0.70089
GXtFFbZy,0.39401,0.39161,0.43936,0.047171,-0.07244
GYvzvvFD,-0.53808,0.23923,-1.1972,-0.18688,0.25767
GemPjTJ9,-0.13875,-0.090745,-0.92771,0.70213,-0.7446
GkLYRm1K,1.764,0.066304,1.8312,-0.26521,-1.0271
GmlqP8eI,-0.46219,-0.31946,-1.0325,-0.63233,-0.69266
GqkIrOvf,-0.3308,-0.1791,-0.92189,1.2263,-0.84489
H0fsegPi,-0.47104,-0.11984,-0.43233,-0.53072,0.49555
H4dHpJjU,2.0514,0.14792,1.7142,0.79774,-0.93072
H5QwJCuU,2.2849,1.5676,2.1531,0.80827,-0.74128
H5uwmSZ0,-0.42099,-0.15872,-0.49112,-0.75232,0.52505
H8MtbVoL,-0.20715,-0.103,-0.083434,-0.33028,-0.54325
H9JrUYnp,-0.36535,-0.17174,-0.22567,-0.099485,0.23765
HHYmmHVk,-0.52746,-0.19798,-0.49698,-0.82138,1.3026
HJ5U4uqL,-0.55161,-0.29379,-1.3071,-0.46794,-0.436
HNQxYc4w,-0.30808,-0.30097,-0.29322,-0.58334,0.047852
HQYhKHZ8,-0.46701,-0.18729,-0.89025,-0.56129,-0.40657
HSCMx0MC,-0.43609,0.048183,-0.27215,-0.58151,1.1256
HXYuE0fx,2.3106,-0.19628,1.8363,0.30937,-1.0432
HdKcxEWr,0.037551,0.89531,0.79022,0.70297,-0.19041
HecW1iCC,-0.60643,-0.25547,-0.56205,-0.55761,-0.71638
HpbKB8rv,-0.23735,-0.1459,-0.79361,0.65471,-1.0998
HrkoYjCg,0.014245,0.9385,-0.35664,1.3283,-0.68427
I5P2uquT,-0.27398,-0.0202,0.000573,-0.38149,0.26932
I94qkDM7,-0.55086,0.061627,-1.0106,-0.25368,0.39489
I9sQbtt8,-0.18664,0.11167,-0.92638,1.7955,-1.0912
IFxgw6ZX,-0.70155,-0.3143,-0.30992,-0.61266,-0.28812
IPPPSyoU,-0.49944,-0.46873,-1.0971,0.118,-0.79827
IQOYQubU,1.797,-0.21158,1.6079,0.24771,-0.85109
IYNE2SxU,-0.51081,-0.097365,-0.4569,-0.012563,-0.5006
IZRFk9kN,-0.31525,0.058162,0.10993,-0.24427,-0.073437
Iaq3v0t3,1.4065,0.17612,2.3341,-0.99603,0.24951
IbVwu1t6,-0.35971,-0.41323,-1.0776,-0.19307,-0.67777
IcHKTLyo,0.13617,-0.12968,-0.0011415,0.074266,-0.96437
IpW80wVB,-0.053413,-0.35688,-0.44805,0.052157,-0.35631
Itb0PYUV,1.8328,0.012347,1.5621,0.97355,-1.0583
J8fpSwS0,-0.50581,0.16008,0.67568,-0.92081,1.1016
JE1SlbD0,0.70221,1.0666,0.46559,2.196,-1.1835
JEB4McNb,1.0005,-0.085243,1.4018,-0.25106,-0.8814
JEE4QVeQ,-0.00090621,-0.15535,-0.1296,-0.25239,-0.73606
JJSEU2VQ,-0.57729,-0.14184,-0.53489,-0.58523,0.94816
JSsVriP2,0.15183,-0.29946,0.87304,-0.80234,0.041393
JUvQNiOK,-0.044652,0.51213,0.81384,-0.43987,0.46834
JZbrRtm2,0.22695,0.1159,1.3876,-0.90475,-0.27204
JcE9G92B,-0.0091214,0.168,-0.03452,1.142,-0.57048
JnNYpXHr,0.55824,1.8609,0.24524,2.1199,-0.67501
JzpbnOtz,-0.41513,0.3813,0.24238,-0.70385,1.1396
JzzUhPQp,1.7699,0.67415,1.8264,-0.13933,-1.0418
K05R8dQK,-0.37689,-0.2515,-0.78325,0.77497,-0.50281
K17pG2mG,-0.19594,-0.25329,0.39097,-0.85352,0.88914
K8BellUe,-0.037065,-0.55951,0.20367,-0.22195,-1.1529
KJ2eH6rr,0.018054,-0.058273,0.18797,-0.23527,-0.5383
KJEJ6Glk,0.60598,0.60706,0.42671,1.5585,-1.2292
KSbO0oXS,0.42833,0.80244,0.017191,1.987,-1.1284
KXtvmd01,-0.42829,-0.37475,-0.28917,-0.55801,0.18996
KYiJqBuJ,-0.015324,-0.24048,0.62211,-0.45077,-0.61152
KmbAyTcE,-0.24319,0.14044,-0.076755,-0.34074,-0.28416
KnNyl3rV,-0.073386,0.077328,1.373,-0.40802,0.92284
Kp2DG8TZ,-0.72464,0.27312,0.61551,-0.93875,1.1668
KqQtKWs5,-0.53764,-0.27304,-0.75128,-0.57315,-0.13874
Ku27g63R,2.7533,0.40881,2.0902,0.47504,-0.69437
L2aTVqDq,-0.34949,-0.44811,-1.1651,0.72737,-0.74735
L5jvq6G4,-0.56601,-0.22929,-0.58986,-0.66314,0.22662
L91hYVQl,-0.48862,-0.33844,-0.67772,-0.8616,-0.29393
LINAMlbA,-0.20036,0.1048,-1.1146,0.18767,0.42146
LJoUNXSx,-0.23269,-0.096709,-1.2952,0.049217,-0.61341
LLtSiyWD,-0.50995,-0.40021,-0.74491,-0.44144,-0.045299
LQJtV8kn,-0.067819,-0.024143,0.41179,-0.201,-1.0103
LW9uddw7,-0.29408,-0.30794,-0.65689,0.93145,-1.2497
LZ6sdBTR,0.94918,0.29566,1.1247,0.24098,-0.64128
La2Vhnne,0.42045,0.11816,0.47883,1.5239,-0.62679
LaUWSq9B,0.041751,-0.36009,0.3824,0.091903,-0.75245
Lk4SfkPQ,-0.5092,-0.39475,-0.78144,-0.13668,-0.89744
LllC836d,0.0056132,0.19153,-0.69275,0.80323,-0.25771
LuGiGeWN,-0.43121,0.058931,-0.8517,-0.13713,0.53066
LzcyHcWa,-0.48282,-0.04467,-0.48776,-0.64757,1.0349
M7veP0H4,-0.34987,0.26252,-0.039387,-0.26196,0.76275
MB8aaJUc,0.066462,0.4619,-1.0985,1.0672,-0.10452
MDpe2zuy,-0.52599,-0.26057,-0.51205,-0.41382,-0.51968
MEzdmEIU,-0.43929,-0.22069,-0.24653,-0.40496,0.12152
MVnhtivm,-0.3199,-0.46609,-0.6318,-0.26487,-0.59776
MYU7WDis,-0.73695,0.32646,0.80848,-0.94031,0.91961
MZFqh6yw,2.1416,0.48297,2.2308,-0.077283,-0.039496
Mdgy4SsO,0.91136,0.74282,0.39325,1.4816,-1.1952
Mj8awnzy,-0.38112,0.023119,0.31687,-0.7874,1.3064
MpFPbUJy,1.842,0.38319,1.6175,0.78852,-0.95671
Mqk7MFBM,-0.27583,0.58193,0.51545,-0.69079,0.56065
Mqs2t1Eo,-0.61382,-0.15395,-0.59097,-0.15218,-0.34898
Mv3jFVxp,-0.35137,-0.21126,-0.08923,-0.23302,0.36712
MxODTXvA,0.067965,0.047316,0.31844,0.052024,-0.9854
N46PbpPM,-0.39989,-0.17646,0.11623,-0.5874,1.6247
N5S5F9Gk,-0.48447,0.38144,-1.0376,-0.18512,0.71317
NLDg5fqw,0.27941,-0.22899,0.09922,-0.36847,0.085731
NOho2ZiM,2.5258,-0.16645,1.8728,0.59478,-1.1888
NUuY7PFU,1.9804,0.31146,1.5329,1.1844,-1.2483
NV1e8AEO,-0.4315,0.10558,-0.13032,-0.5286,1.2118
NZLXROKC,0.044181,0.11912,0.24584,0.48469,-0.75496
NaJo7C6o,0.41322,0.16694,1.1477,0.1762,0.13338
NgsyGkrO,0.10206,-0.22436,0.50195,0.65574,-1.1144
NjOx4Zpo,-0.40691,-0.32774,-1.2128,1.3769,-1.0181
NmQoI7x0,1.6621,0.52989,1.9229,-0.64038,-0.16582
No4wkdLS,-0.3443,-0.16166,-0.67795,-0.53725,-0.28046
NouMwhOf,-0.32936,-0.4716,0.051444,-0.3585,-0.66164
O6YAWd8C,-0.085245,-0.21163,-0.10101,-0.10656,-1.0255
OAXVphSh,2.0536,-0.28263,1.7235,-0.051062,-0.032718
OJBBhb6Q,-0.54503,-0.38985,-0.32719,-0.84841,1.2809
OSIQXImL,0.29308,-0.058357,0.69026,0.289,-1.2978
OUUFc5Zz,-0.40926,-0.25944,-0.11612,-0.77946,0.77074
OVk1lquT,0.39606,1.4647,0.29559,1.7092,-0.11764
OXdRxjzz,-0.19242,-0.44387,-0.80533,0.27708,-0.86707
OXxW2ekf,-0.4203,-0.33774,-0.28082,-0.83079,-0.019421
OXz5OpqR,-0.25213,0.88958,1.097,-0.44211,0.40585
OcBFW1AX,-0.063927,0.32295,-1.0129,0.30299,0.37667
Of9V2rpt,-0.073708,-0.050628,0.17706,-0.005584,-0.4545
OfLxPhbG,-0.26101,0.049933,-0.075279,-0.27808,0.63451
Ojx2vi48,-0.4669,-0.35383,-0.66604,-0.74229,0.18161
P3M32iuT,-0.58416,-0.33497,-0.75165,-0.91679,-0.035472
P7olVzrO,-0.087082,-0.15434,-0.23648,-0.26089,0.36895
PAPHErnv,-0.39515,-0.16201,-1.1477,-0.16634,-0.54129
PBjEtfXb,-0.32853,0.1192,-0.29453,-0.43253,0.44877
PZGpoBBj,1.7721,-0.051976,1.9262,-0.27245,-0.97538
Pc2RrxXS,-0.27625,-0.68786,-0.30599,-0.57599,-0.22003
PcHQ4FOu,-0.44701,0.033141,-0.5127,-0.19955,-0.074605
PeNyTOVN,-0.33398,0.34519,-0.096211,-0.070363,0.332
PhUPSU53,-0.53161,-0.28902,-0.57494,-0.24293,-0.27876
PmUNeV2O,-0.32304,-0.34338,-0.88436,-0.5503,-0.34923
PoDJ0uvK,1.7762,0.56894,1.846,0.28192,-0.46263
PsUJdJdg,-0.32807,-0.1631,-0.36728,0.89939,-0.40261
Q3xLFx1f,-0.36996,-0.22311,-0.82798,-0.12229,-0.39647
QBGxCvdM,-0.015495,-0.25094,0.12288,-0.10203,-0.86023
QCEPyu6L,-0.49372,-0.44598,-1.0254,0.33415,-0.58518
QEfwec4s,3.1707,0.24743,1.934,1.8646,-0.84852
QZ87Nnr3,-0.382,-0.10997,-0.16094,-0.46599,0.64642
QlyGN9jv,-0.59733,-0.10549,-0.55582,-0.30342,0.31009
QqgWE1ny,-0.44793,0.00052074,-0.43388,0.075087,-0.55084
QrjjBpZd,-0.32478,-0.11759,-0.92719,1.4015,-0.91708
QsaBiX7V,-0.41454,-0.064995,-0.25186,-0.07047,-0.18728
QtBKJuZk,-0.29259,-0.13641,-0.16099,-0.54986,0.45278
QtPRO8OJ,-0.45061,-0.023588,-0.94571,-0.3433,0.49243
R8XcsFnp,-0.29092,0.22096,0.015967,-0.45853,1.5378
RROfRt9z,-0.24873,-0.30031,-0.066686,0.0022237,-0.93078
RTcbiDGq,-0.41956,-0.48405,-0.62918,-0.49448,-0.16925
RVidM9g0,0.06311,0.54683,1.608,-0.98017,0.91627
RZnQSH19,-0.54626,-0.19237,-0.49506,-0.65163,0.74254
Rc4UK7fT,-0.57445,0.0050136,-1.1187,-0.25162,0.52436
RcKBKh6B,-0.27921,0.070519,-0.39739,-0.43429,0.34759
ReM5kDa5,-0.091554,-0.064611,0.070118,0.0055949,-0.82627
RfntsotG,-0.50528,-0.18813,-0.54332,-0.74879,0.43543
RiXMlzXD,-0.22913,-0.26227,-0.28429,-0.52954,-0.61982
Rik83O3m,-0.44211,-0.1385,-0.4912,-0.30957,-0.27539
S3PCzDzO,-0.343,0.0094718,0.75432,-0.68788,0.33733
S77BviOJ,-0.45173,0.047484,-0.51622,-0.23713,0.027415
SDdvtktF,-0.3743,-0.28947,-0.64651,-0.1362,-0.76945
SHs1AyfM,-0.26642,0.044533,-0.19957,-0.4754,0.84563
SO4zQy9k,-0.51173,-0.18737,-0.24869,-0.69132,0.61825
SOOBCoiG,-0.39371,-0.37927,-0.04939,-0.55489,0.8412
SXkkPB7A,-0.33104,0.16926,0.45006,-0.50055,1.1024
Sa93dGqq,-0.064877,0.44733,-0.96034,0.50166,0.64523
SonIG72a,-0.51713,0.039408,-0.46574,-0.15494,0.36252
Suf6hIBc,-0.32997,-0.032837,0.08584,-0.53943,0.8669
Sx2JeSRz,0.17732,0.10773,0.56172,0.55354,-0.38953
T1Tlftr4,-0.23172,0.28881,0.94145,-0.7293,1.1599
T7ulR4ci,-0.53252,-0.15489,-0.080519,-0.88228,0.94545
TA1NB3Br,-0.35234,0.03858,0.11327,-0.39577,0.65326
TFZUskaK,0.00050596,-0.21801,0.17839,-0.17512,-0.68946
TNL8HGWZ,-0.037855,-0.21313,-0.034822,-0.15964,-0.85522
TZ8z1GSF,-0.45289,0.042713,-0.58581,-0.34255,0.02953
TqhRvkJJ,1.2716,-0.18803,1.4666,-0.52637,-0.34431
TtJCUiY4,-0.48769,0.03853,0.056511,-0.8728,1.2766
TwDq0lua,-0.022426,0.21716,0.50372,0.13871,-0.38574
Tzyf02sI,-0.35587,0.13995,0.29796,-0.38586,0.99305
U3yI6ZS5,3.0114,-0.00070124,1.9109,1.5595,-1.0569
UBLnXZAN,-0.061873,0.082369,-1.0916,2.6032,-0.63422
UBWDzleg,-0.38369,-0.58834,-1.4467,1.0571,-0.87194
UBqkX6SY,1.631,0.089873,1.7795,-0.10874,-0.95265
UCIAi1Aj,-0.058888,-0.23045,-0.62809,0.10741,-0.72198
UPbXGvCS,0.078526,-0.29471,0.16551,0.035099,-0.9929
UeWm1l9F,-0.22305,-0.36489,-1.0459,0.90754,-0.51564
UhucscY7,-0.44157,-0.087251,-0.65267,-0.32418,-0.5185
Uri1SvHV,-0.042158,-0.23042,0.021001,-0.041855,-1.0754
UzxipGJS,-0.58097,-0.33975,-0.58017,-0.52879,0.3734
V74zfaAQ,-0.195,-0.17969,-0.24061,0.029308,-1.0335
VBPxBLTh,1.9894,0.13725,1.6693,0.67568,-1.0579
VLG7CXYS,-0.2579,0.047058,0.046215,-0.14449,0.46713
VNk52SpF,-0.34694,-0.40482,-1.0608,1.1875,-1.3139
VOREKsok,-0.53556,0.13994,-0.55288,-0.73312,1.6067
VRhTr5pX,-0.33148,-0.70368,-0.32025,-0.7033,-0.13659
VTcG4Kcw,-0.27456,0.4383,0.85848,-0.51881,0.93359
VeKiWSbS,-0.36435,-0.013537,-0.04739,-0.41185,0.48814
VnU8nJHU,-0.44931,-0.15663,-0.2207,-0.36958,-0.19208
VueNCxYv,-0.41702,-0.20551,-0.24843,-0.10422,0.337
VxuQTRUl,-0.44248,-0.16923,-0.32248,-0.35844,-0.29589
W5lgaocA,1.5537,0.57524,2.4644,-0.46281,0.072326
W5mMq9Ef,-0.40595,-0.30192,-0.77324,0.39383,0.22267
WDhNqFpS,0.034417,-0.08993,-0.2009,1.1644,-1.4701
WE6n1kZi,-0.41712,-0.40484,-1.2367,0.24351,-0.80207
WFk6r3vA,-0.57418,-0.010284,-0.48195,-0.3579,-0.061139
WFyIrsUR,-0.52878,-0.78416,-0.69976,0.62784,-0.98815
WG6ZAsqR,-0.5877,-0.028556,-0.79306,-0.78418,1.2838
WMq3CZQk,-0.46141,-0.47124,-1.2639,0.71751,-1.1786
WRskmGjh,-0.5196,-0.25278,-0.48009,-0.49103,-0.43787
WXijSglj,-0.36652,-0.41526,-0.90272,-0.44581,-0.79333
Wc0stQgu,-0.29975,-0.44557,-0.98072,0.31895,-1.0997
WewoSCUB,-0.50015,-0.42928,-0.87435,-0.71992,0.096873
WuHuhHWJ,-0.32421,-0.10463,0.20871,-0.58104,0.84009
Wv7EBtZb,1.1147,0.96704,1.5607,0.091145,-0.96063
WyPlxDn0,-0.49848,0.03577,-0.17037,-0.70946,0.96109
X3WqoSNN,2.1434,-0.2374,1.6206,0.56428,-1.2002
XDhyP9KB,-0.63717,-0.26172,-0.68214,-0.19556,-0.62527
XQxhDRMG,-0.30532,0.048339,-0.90017,-0.10771,0.48092
XjLNAwxW,-0.16765,-0.3026,-0.21842,0.30652,-1.361
XjfVQbXd,0.41282,0.87621,1.7786,-0.46716,-0.48093
Xovczbf6,-0.53276,0.015768,-0.77237,-0.72864,1.6564
Y8H4onBf,-0.60028,-0.26405,-0.54851,-0.59121,-0.2742
Y8YgzSZ9,1.7573,1.1539,1.7151,0.81094,-0.59518
YC4PNV20,-0.45368,-0.15833,-0.18461,-0.50404,0.88639
YDHSCRdd,3.3295,0.068335,1.8853,2.1747,-0.75368
YIJ87aME,-0.38606,0.033423,-0.17809,-0.27239,0.13966
YKvT4dFv,-0.3757,-0.54281,-0.60453,-0.095767,0.22218
YNebALR2,-0.43034,0.15667,-1.0519,-0.26855,0.26096
YNrnqFyb,-0.097328,0.26921,0.077714,-0.036516,0.025724
YUZ4lR3m,-0.36747,0.049749,-0.23694,-0.39278,0.4034
YYLvjoVC,-0.1074,0.35187,0.42768,-0.2314,-0.071299
Yb8OtMb2,0.13602,-0.15456,0.38315,0.13704,-0.92978
Ycg4lTYw,-0.13145,-0.11303,-0.67898,0.49473,-1.0549
Yfk6tekH,0.21203,0.35064,1.0813,-0.61262,-0.67993
YoSfgmR6,-0.51763,0.11023,-0.48883,-0.043976,-0.089871
YpzFvexy,-0.18862,-0.38671,-0.79262,0.011023,-0.45517
Yxqppfa3,-0.16368,-0.16689,0.05291,0.015655,-0.76359
Z16jTUvP,-0.40019,-0.23109,-0.41054,0.12127,0.0017694
Z2BdCCbJ,-0.37993,0.027633,-0.071266,-0.42634,0.9515
Z2JJMM6V,-0.16674,0.045554,0.10001,0.015622,0.33341
Z5jE1OB5,-0.44591,-0.020144,-0.098009,-0.24442,0.38214
ZFsIqYxA,-0.10609,0.14179,-0.50361,-0.10922,-0.17063
ZHDVsoRh,-0.52014,-0.41419,-0.70893,-0.32634,-0.44136
ZSmfu2Fc,-0.75905,-0.35584,-0.81646,0.0279,0.12611
ZU8YXF3H,-0.53183,0.080367,-0.60109,-0.79611,1.5837
ZXKaNy6Z,-0.43494,-0.17726,-0.99183,-0.52304,0.44557
ZbYLo0zK,-0.11311,-0.25484,-0.17921,-0.64285,0.031978
ZedN8Gcn,-0.52594,-0.39338,-0.48313,-0.5878,-0.32422
ZgD4Dau6,-0.19923,-0.39433,0.36121,-0.54851,-0.34228
Zgzf79LA,-0.4849,-0.42114,-0.91396,-0.6261,-0.25717
ZjqzxDOF,0.43159,0.52846,1.6892,-0.57949,-0.21718
ZsZ5aDpq,0.046225,0.43002,0.17206,0.81256,-0.93258
ZtyqE7If,-0.46401,-0.24079,-0.4196,-0.32796,-0.83822
ZvUgz01f,-0.31155,0.038271,0.6952,-1.0146,1.0532
ZwrhgdQV,0.71257,0.082639,0.8126,1.4267,-0.76326
a7bhJGBU,1.973,-0.17718,1.5552,0.67112,-1.0368
aHpv6KzP,3.1855,-0.15299,2.0714,1.1424,-1.168
aINzEBVN,-0.20999,-0.32365,-0.64527,-0.27836,-0.92412
aP9EtTGF,2.641,-0.4137,2.1089,-0.092279,-0.97747
aV6EhtSL,-0.38196,-0.14279,-0.23506,-0.43495,-0.25765
aVZsXKoH,1.8894,-0.17644,1.9578,-0.3617,-0.91135
aYVnVJvc,0.080751,0.062829,0.22812,0.39164,-1.0919
abCzN1zx,-0.45341,-0.53018,-1.2341,0.47022,-0.88378
ae7sMiB4,-0.28471,0.27181,0.092773,-0.13425,-0.29974
afsVuCGV,-0.65359,0.073586,-0.62079,0.56778,0.27568
aiwBQETI,0.044127,-0.15857,0.14396,-0.055254,-0.87023
aiyli4EI,2.0675,1.8405,1.6714,1.8683,-0.68778
apJ7NmzD,2.2539,0.066757,2.1393,0.050081,-0.83839
atVjNMtQ,-0.22728,-0.22333,-0.87839,1.1636,-1.375
b5GirVGV,-0.43787,-0.68453,-0.30259,-0.79049,0.28157
b9SpMjNB,-0.18612,0.32542,0.31567,-0.21086,0.82917
bAFs37yy,-0.46298,-0.29202,-0.18305,-0.76669,0.84064
bDia1hHV,-0.5334,-0.3789,-0.41255,-0.075677,-0.85311
bFkv5Mtr,-0.15601,0.19663,0.10559,0.34905,-0.16369
bHe2IXgA,-0.30836,-0.30208,-1.1587,1.2584,-1.3491
bWX3vUm5,-0.066121,-0.051427,0.026349,0.12437,-0.92703
bat8tcGs,-0.20746,-0.79694,-0.34531,-0.059843,-1.1359
bfjej4wu,-0.48593,-0.18676,-0.82021,0.2205,-1.043
bh04YDiP,-0.4392,-0.52156,-0.48918,0.0046452,-0.21565
c110Fdc8,-0.35621,-0.21482,-0.34695,-0.46324,0.20585
c32GUzMa,-0.4619,0.16765,-0.90689,0.12211,0.3817
cT6uU0B0,-0.37049,-0.27609,-0.67768,-0.33067,0.76918
cWXCiFwh,-0.49272,0.23296,-0.45727,-0.17729,-0.31114
ceNvS3yd,-0.39772,-0.27403,-1.0869,-0.0050814,0.10775
cmwdt4Av,1.4937,-0.015371,1.5795,0.19378,-0.97839
cn4EHsup,-0.19823,-0.30928,-1.0428,0.053975,-0.30052
crVOGGTT,-0.28799,-0.055091,0.11889,-0.74934,0.64638
csPEJ1E5,-0.44641,-0.18872,-0.3859,-0.56141,-0.41013
d0UrRtMk,-0.53455,0.11798,-0.54105,-0.82137,1.5142
d6LU4G4I,-0.27634,-0.11374,-0.67325,0.51529,-0.16685
d74T1DVv,-0.4347,-0.41803,-1.1433,1.683,-0.88155
dR6rM1tQ,-0.096106,-0.52947,0.12913,-0.093912,-1.0745
dUNxOoqg,-0.42218,-0.092311,-1.1139,0.78361,-0.62665
dUnlyhj7,0.44581,0.0071836,1.3126,-0.80465,0.095279
dVDlnZQ6,-0.30184,-0.050598,-0.85648,0.49226,-1.105
dVT26GDu,-0.32612,-0.15806,-0.16998,-0.63459,0.23287
de43ycXY,0.33719,0.48502,1.2831,-0.86219,-0.34136
dfIn7m9z,-0.61346,-0.45864,-0.83978,-0.39043,-0.31657
dhmb9ZY9,2.9619,-0.0053589,1.9377,1.038,-1.0008
dn8kCuyf,-0.32951,-0.10227,-0.56191,-0.55255,0.44803
dpcquvWW,-0.51264,-0.55812,-0.62315,-0.53251,-0.075828
dqcbIMyr,-0.62118,-0.17985,-1.1401,-0.27159,-0.075143
drWgsBf5,-0.44503,0.034191,-0.65403,0.30024,-0.64077
dytx0HSe,-0.596,-0.043992,-0.97578,-0.75866,1.2975
e4KkkIha,1.3781,1.1185,1.9812,-0.42427,-0.68134
e9YorH4m,-0.079776,0.062018,0.34754,-0.882,0.6089
eB9gVQ0R,-0.084545,0.24668,0.10359,-0.49274,0.47305
eMhLFqU6,-0.32228,0.061052,-1.1035,0.25526,0.036326
eMllg1qm,0.42105,0.95019,0.84761,0.052729,-0.68996
eNPunZ9i,-0.069155,0.15184,-1.0487,0.79365,0.17444
eS5BSM4J,-0.48506,-0.11708,-0.38211,-0.69907,1.2721
eVGMFoOI,-0.12642,0.016009,0.41333,-0.89411,0.67718
eaIwb3rG,-0.14998,0.67753,0.26162,-0.26401,0.90315
eyzw8Vis,-0.45829,0.17538,-0.15615,-0.55322,1.251
f04Ke2bN,-0.27171,0.031379,-0.62074,0.20698,0.17894
f4GA0te1,-0.49449,-0.31571,-0.45991,-0.80705,0.076205
f7bd91h5,-0.53967,-0.15613,-0.2061,-0.81887,1.1285
fB7z9ndr,-0.25595,0.35667,0.58641,-0.57351,1.2424
fEe7AWFA,-0.34726,-0.49998,-0.058947,-0.30036,-0.8769
fJJIbgY9,0.31614,0.62847,1.2434,-0.59061,-0.64084
fQBURMvg,-0.4243,0.022922,-0.3036,-0.45209,1.1486
fS0HpOub,-0.47756,-0.38467,-0.32825,-0.59994,0.31728
fTDXauuk,0.4365,-0.12946,0.99674,-0.6547,-0.67644
favPNA2N,0.018792,0.49012,-0.62448,0.46805,0.63209
g3Fv0U4k,-0.18411,0.066786,-0.94827,1.0932,-0.59861
g5PKo2E2,0.15061,-0.14699,0.84646,-0.14653,-0.37424
gbjnD5fe,-0.41732,-0.41171,-0.50059,-0.75388,0.071008
ge9zqXCv,-0.47501,-0.36677,-0.76402,0.21949,-0.90729
geeqJpSE,-0.43803,-0.18452,-0.072833,-0.77797,0.85965
gqy1J2RS,0.1745,-0.08664,0.53745,0.10553,-0.78168
grlUtS3H,-0.018761,-0.21309,-0.28618,0.59662,-0.46068
gx965KYj,-0.32352,-0.15476,-0.26563,0.14132,-0.43685
h3F08Vjm,-0.4449,-0.14656,0.020997,-0.5221,1.2856
h6FQG8Iy,-0.13775,0.24245,0.77573,-0.58401,1.0498
h7ftM8b3,1.6134,0.14533,1.7385,-0.12235,-1.0257
hLrCHXZv,0.038704,-0.19164,0.32436,0.068472,-0.92445
hQ6VBuFx,-0.0917,0.34103,0.05831,-0.40942,0.48798
hYoR2y7w,-0.45957,0.049512,-0.51997,-0.20468,-0.84796
hf65yZkM,0.35717,0.25217,0.42082,1.2897,-0.99931
hjuwe1x4,-0.21349,-0.14271,0.28266,-0.35178,0.23789
hyINlsFR,-0.15287,0.5018,-0.032329,0.31635,0.57087
i0Qlm9Bv,-0.40214,-0.040413,0.24617,-0.51901,0.81348
i1VxfxMb,-0.52248,-0.14128,-0.063185,-0.52209,1.0127
i2l6jXNP,-0.47251,-0.34064,-1.0632,-0.12879,0.24769
i4FgPZv7,-0.40989,0.27773,0.26987,-0.74502,1.1253
i7XtIkSi,-0.60303,-0.012767,-0.55856,-0.33866,-0.3995
i9z346Ut,-0.2315,0.030931,-0.67081,0.95359,0.51768
iDOat4cZ,2.1505,0.36477,2.0556,-0.12272,-0.87708
iNv6RoSO,-0.118,0.040184,-0.037703,0.012338,0.21326
iSL9NYzy,3.4482,-0.24236,1.9517,2.0049,-1.0687
iSqVc1r8,0.098191,0.89447,1.2231,-0.76586,-0.32129
iYZMftt6,-0.60882,-0.40428,-0.47339,-0.42831,-0.81099
ieTPaa3c,-0.33443,0.016541,-1.1067,-0.10118,-0.36853
if7BmzU0,-0.42524,-0.19234,-0.13902,-0.78743,0.87448
ihNz5bmx,-0.21668,0.057515,-0.77792,0.50106,-0.72453
ikJXKdIN,-0.50753,-0.42064,-0.49559,-1.0249,0.55035
iq2kxikN,-0.0090696,-0.22186,-0.24361,-0.087346,-0.98195
iuZEDJK7,-0.54427,-0.21254,-0.45348,-0.64831,0.61899
iyF8gVT7,-0.42173,0.069893,-0.018687,-0.65435,1.3314
j06qdQ0V,-0.42346,-0.42062,-0.44136,-0.36093,0.1367
j7hl8svO,-0.44112,-0.21302,-0.42077,-0.088994,-0.91284
j8hMoJUN,-0.3661,-0.17045,-0.66219,-0.56014,-0.27018
jNaFasbV,-0.53848,-0.65743,-1.4025,0.52807,-0.90262
jVVHeYHT,-0.77008,0.21527,0.59628,-0.77051,1.1271
jXm4ySvK,-0.38072,0.059428,-0.07285,-0.38558,0.6257
juO5ii5l,-0.4739,0.47568,0.65416,-0.72757,0.34715
k2hdEBsU,-0.47401,-0.24021,-0.16956,-0.83579,1.2283
k3ynMfhN,0.036076,0.75458,1.455,-0.47235,0.93
k9C9yBtr,0.027446,-0.1458,0.25666,0.1999,-0.88719
kAKRvcRo,-0.46192,0.016933,-0.75853,0.73068,-0.97368
kBi3R2oC,-0.36442,-0.17167,-0.046257,-0.34701,-0.34702
kDWmnsXe,-0.10388,-0.22525,0.30896,-0.41475,-0.065308
kSGBd2Vh,-0.39947,-0.27076,-0.055549,-0.78711,0.66027
kT0miHPT,-0.52268,-0.48342,-0.56308,-0.44048,0.12773
kaW0TfRn,-0.33575,-0.51399,-0.044247,-0.52609,0.097281
kmg3SowO,-0.25019,-0.33093,-0.95305,0.39394,-0.46532
kpxKSlnF,2.3216,0.14627,1.9518,1.0844,-0.41433
ku2cn1MV,0.67026,1.0245,1.4481,-0.18207,-0.15899
l1su5HU9,-0.45239,-0.065466,-0.13242,-0.45256,0.29517
l8Tg2RvD,-0.57081,0.55469,0.87768,-0.78952,0.87747
lB6NsVOc,-0.42892,-0.37808,0.01077,-0.7041,1.0899
lEcdVyKk,-0.56462,0.068121,-0.59305,-0.60427,1.216
lH4TasGl,0.031742,-0.12359,0.80715,-0.71517,-0.42868
lO9aggHW,-0.088114,0.10848,0.25331,0.35749,0.01425
lW3m9Vzu,-0.58331,-0.38211,-0.58432,-0.2692,-0.32842
lYLseGDP,0.27056,-0.31317,0.17435,-0.49541,0.14003
lcOnCdZi,-0.42517,0.28852,0.74197,-0.85116,-0.23543
le9YGwON,-0.14778,0.001186,0.047062,-0.12301,-0.2707
llMvu3TX,2.2195,-0.2954,2.6809,-0.59513,-0.30294
lnHh2jFO,0.13092,0.20257,1.4287,-0.90406,-0.099706
m07CVXd4,-0.2783,0.24596,0.79036,-0.95019,1.2954
m1lPk91z,-0.36121,-0.13842,0.38781,-0.75807,1.2147
m9IQdmwa,-0.47225,-0.2972,-0.41379,-0.71756,0.61214
mG9BRy5x,-0.44351,-0.037526,-0.36735,-0.15953,0.16564
mVHXnama,-0.25756,-0.39278,-0.74679,-0.28017,-0.80879
mXyrR6nU,-0.47865,-0.15487,-0.6757,-0.41812,0.59472
mbzNdxNc,-0.49111,-0.31335,-0.61388,0.3645,-0.42532
mntH7g3L,0.10744,0.50208,1.2104,-0.94413,-0.16482
msRTXP3H,-0.30781,-0.21792,-0.080863,-0.14394,0.70323
mxBjvIPR,-0.42847,-0.38977,-0.45378,-0.71377,0.29287
n8Opmfbz,1.8793,0.24851,1.6505,-0.092082,-0.50405
nOkgU29Q,0.0040043,-0.18085,-0.85178,0.8654,-1.0405
nhttf7VM,0.10917,1.1757,1.0843,-0.048507,0.13271
njLbXYa3,-0.34188,-0.5247,-0.38176,-0.52466,-0.65955
nwkIpzmh,0.57525,0.41616,1.2924,-0.27014,-0.25565
nzB1R9Zg,0.24346,-0.066904,1.0818,-0.89111,0.14288
o1rZRI84,-0.56875,-0.020239,-0.59881,-0.44464,-0.24569
o7q5Mbty,-0.26938,-0.38661,-0.23965,-0.26418,-0.9865
oCBvysqB,-0.62034,0.073418,-0.40428,-0.30223,-0.27237
oDmycTPH,-0.45347,-0.42847,-0.22559,-0.98639,0.98826
oFAXZvQv,-0.61759,-0.075373,-0.52185,-0.31948,-0.19091
oHE3M1zX,-0.049597,0.29993,-0.60205,1.3311,0.029429
oMhVmSpV,-0.75484,-0.21094,-0.74128,-0.60492,-0.4425
oNsDqVbi,0.16551,0.6353,1.2565,-0.68797,-0.37935
oYAJqQk8,-0.39981,-0.52549,-0.47668,-1.0526,0.22496
ob5Kb6dW,-0.59293,0.016919,-0.74775,-0.62147,1.1867
obnzqs79,-0.45927,-0.35748,-0.84905,-0.56652,-0.46638
oncLcgRP,-0.39713,-0.45698,-0.90854,-0.33036,-0.28397
ooWVYaAe,-0.15462,0.065118,-0.93277,1.1939,-1.1311
osdyOUnV,-0.32426,0.18935,-1.1862,0.52065,-0.062209
p7H9CzCv,-0.14581,-0.22623,-1.0172,1.0344,-0.84287
p7U9hVhY,-0.46065,-0.078466,-0.48107,-0.57396,0.85154
pE6Cf1RV,-0.3505,0.3724,0.56048,-0.66507,0.90151
pI7qzotI,-0.07626,0.14518,-0.070484,0.13107,-0.5942
pJrIA4sk,-0.36007,-0.74937,-0.40839,-0.55737,0.01755
pXne2CLZ,-0.34436,-0.36734,-0.61584,1.0009,-1.052
pZMcDIOS,-0.48512,-0.47629,-0.4517,-0.74359,0.58634
pavfp3cc,0.20709,-0.18747,0.86356,0.099014,-0.83637
pbQdC5L3,-0.60534,-0.28353,-0.585,-0.61918,0.081828
pgj7aAFP,-0.24678,-0.23422,0.029564,-0.13257,0.25683
pxg8G3ed,-0.21432,0.45533,0.097477,-0.16495,0.75819
q36Npk6l,-0.58741,-0.45713,-0.49695,-0.89834,0.8402
q4aDOVvq,0.43092,0.62799,0.79813,0.22491,-0.83499
qGmfR9CN,-0.19557,-0.34501,-1.0428,1.3531,-0.66689
qJ51ODpA,-0.29451,-0.35423,-1.1245,0.35914,-0.42388
qQX3cs3I,-0.23789,0.75894,0.9726,-0.6301,0.29819
qXeIxPb8,-0.47524,-0.093558,-0.30115,-0.42467,0.78086
qYQ4MShM,0.11407,0.046855,0.086298,0.26896,-0.85916
qa0etnhK,0.15653,-0.24527,0.41015,0.076656,-0.55425
qbL4sboq,-0.64267,0.45493,-0.30914,-0.59413,0.82168
qbYrsWHq,1.1238,1.1123,2.0978,-0.014175,-0.32502
r1zmcUqQ,0.48919,0.54324,1.009,-0.83821,-0.66337
r54iHeQC,-0.34001,-0.12129,-0.0051801,-0.66432,0.85608
r6xrAnQV,3.7316,0.023643,2.3203,0.48811,-0.3228
r9HxnQDg,-0.11494,0.097016,0.82647,-0.20667,0.87103
rG8Puuf9,0.8515,-0.12452,1.101,0.21083,-0.80487
rGuiefuR,-0.54359,-0.5712,-1.1455,0.29193,-0.93031
rJ19OhGP,-0.50298,0.12611,-0.51586,-0.54902,1.3079
rOCYepHd,0.079999,0.29766,0.9791,-0.46773,-0.17575
rQJaOPFI,0.057803,-0.17192,0.51511,-0.26195,-0.053101
rQhZtZeh,-0.12074,0.39885,1.1064,-0.60802,1.1334
rapmok0w,-0.1094,0.63435,-1.2273,0.89837,0.056658
rgzfnPVu,-0.46535,0.29591,0.79144,-0.76362,0.40723
ri4qhb1S,-0.43441,-0.30912,-0.54482,-0.67349,0.39119
rqpFYzff,-0.5189,-0.10586,-0.40198,-0.65067,0.29466
rrs22coX,-0.35557,0.02081,0.20648,-0.33173,1.2575
sEeUCQLc,-0.64792,-0.070181,-0.88399,-0.38004,0.69714
sHScwqQl,-0.34505,0.1029,0.47326,-0.79275,1.2945
sNC7DiAt,-0.47304,-0.15057,-0.23737,-0.55704,0.90526
sNK2TSs3,-0.33595,0.087895,0.38848,-0.36637,1.0778
sO7Su6uw,-0.26039,0.24876,-1.2768,0.085864,-0.12787
sOWZx89o,-0.67399,-0.29843,-1.0828,-0.70661,1.1818
sPbRcPjC,-0.076652,0.040054,0.079424,0.2569,-0.75435
scVUfTKI,-0.069268,0.27149,0.099139,1.1358,-0.58378
seRaGeVv,-0.66022,-0.084384,-0.32621,-0.49233,1.0184
sgtwiYWi,-0.43355,-0.31128,-1.0707,-0.082063,-0.23888
sjmLHcT6,-0.55005,-0.23412,-0.59412,-0.64925,-0.026882
skZUZZGS,-0.35466,-0.16275,0.04969,-0.33136,0.32841
suAmzADX,-0.34656,-0.27221,-0.78708,1.4647,-1.0998
t4GWLqlO,0.48225,0.05152,0.97586,-0.45511,-0.18051
t7gy6Jyy,0.48657,-0.1303,0.867,-0.64291,0.03687
tBadzH60,2.2657,-0.0079043,2.2472,-0.10987,-0.66173
tXUWm0hp,-0.17223,-0.4523,-0.43016,0.52243,-0.47025
te6UPPxf,-0.63389,0.022499,-0.54316,-0.39936,-0.56259
ti2lamkL,0.17386,0.28001,0.7561,-0.30832,-0.18122
tr0lpwuU,-0.19745,-0.34195,-0.60159,1.8949,-1.2972
ttdB5C73,-0.40939,0.10472,-0.12151,-0.47075,0.65959
twS8YZu9,-0.20655,0.048131,-0.50818,-0.50832,-0.11859
tx68W34H,-0.62438,-0.4952,-1.3394,1.0268,-0.76947
tyQSX4mY,-0.39035,0.063417,0.4427,-0.74071,0.33924
tylKCRc0,-0.44726,-0.36974,-0.35942,-0.47283,0.37476
u1544WUo,-0.3335,-0.098493,-0.72555,-0.56081,0.28051
uAw9an0d,0.13043,0.045957,0.43255,-0.15095,-0.20082
uLZAEXMG,2.467,-0.23392,1.9391,0.19853,-1.0143
uMwe1s7I,-0.39715,-0.68108,-0.59114,0.63838,-0.79958
ufhGeV3q,-0.52002,-0.14752,-0.533,-0.59704,0.42292
uhAeGBHo,-0.17446,-0.31312,-1.2114,0.85653,-0.89098
ujHNlqpw,1.1361,0.70406,1.3353,0.16066,-0.82925
ulV6kuhB,-0.36416,0.0069343,0.065308,-0.41301,0.63164
uohEnNEK,-0.44954,-0.050805,-0.90721,0.92771,-1.1056
v1lhA8I4,-0.35994,-0.21787,0.27839,-0.58132,1.4605
v3JzigLI,-0.5719,-0.28067,-0.68436,-0.77442,-0.10231
v5IwjyIg,-0.48351,-0.17854,-0.75101,-0.19218,-0.78777
v6lp5TK1,-0.30078,0.10622,0.50682,-0.88922,1.3077
v8vOaaWq,-0.29991,-0.52525,-1.0926,0.11098,0.19903
vAYKtoil,-0.55929,-0.1185,-0.61739,-0.32336,-0.74961
vGTNQa6G,2.8109,0.048793,2.0796,1.3635,-0.48839
vQzNxHoL,-0.40903,0.16641,-0.43859,-0.46009,-0.63855
vfZGBUJm,-0.11134,-0.2904,-0.093129,-0.095978,-0.65254
vlooVUoT,0.013388,0.036938,-0.39128,1.1019,-0.86357
vrACvd4O,-0.37743,-0.70394,-0.25816,-0.39839,-0.40547
w8hdjLwb,-0.58084,-0.086481,0.0013082,-0.7236,1.0942
wAntv4gH,0.24891,0.69367,1.8019,-0.71236,0.53258
wIUL09q0,-0.53259,-0.47527,-0.91851,-0.73375,-0.036117
wOzx7Fgz,-0.22733,-0.58508,-0.26166,-0.64146,-0.11049
wPhjhCJQ,-0.49356,0.067706,-0.62139,-0.59624,1.3746
wQSWWmYB,-0.29869,-0.35365,-0.49496,-0.37164,0.5206
wdIMrXwy,2.0186,-0.098091,2.536,-0.51191,-0.41557
wiL9npQc,-0.58304,-0.036282,-0.51538,-0.81305,0.99028
wnU95Cxn,1.5648,0.62648,1.9101,-0.46271,-0.79768
wpJbbjJs,0.15185,1.1915,1.0409,-0.15023,-0.11448
wsOWTAbI,1.2706,-0.083351,1.0545,1.7394,-0.89753
wtdBcU3U,-0.39729,-0.27013,-0.52229,-0.80747,-0.18423
wuKXVxOc,-0.45158,-0.081175,-0.73352,-0.43539,0.52757
wyzadAt8,-0.53285,-0.28615,-0.58146,-0.48571,0.65135
wzaKzYwi,-0.032011,-0.3405,0.56882,-0.85923,0.77915
x6GCk4EV,-0.34384,-0.04294,-0.19256,-0.41129,0.4794
x6lUi3vf,-0.035026,-0.50881,-0.063326,0.41203,-1.215
x8mwDHv9,-0.39647,-0.35976,-0.35901,-0.39429,-0.17581
xIYm6puH,0.87709,0.82545,0.38563,0.8927,-1.1601
xO6UdpsK,0.64065,0.91463,0.82306,-0.3112,-1.11
xQ2bkOvj,-0.43852,-0.40188,-0.59431,0.53266,-0.92874
xeXyDCEQ,2.7635,-0.12525,1.8351,1.1962,-1.2065
xrggHziO,-0.32925,-0.30168,0.43774,-0.66553,-0.041828
y1WMCmqQ,-0.49224,-0.27718,-0.61342,-0.65082,0.083306
yDngezhM,-0.25306,-0.27644,-0.46185,-0.60019,-0.3707
yLiFjMD0,-0.34927,-0.056134,0.032892,-0.7974,0.64475
ySwEBO7w,-0.61866,-0.14937,-0.60433,-0.23728,-0.78499
ydC9UsSm,-0.13267,-0.48771,-1.0296,0.57648,0.056075
ydEG4VBd,-0.44697,-0.045604,-0.85132,-0.45148,0.50566
yf76yWXc,-0.27383,0.7398,1.1589,-0.674,-0.25701
yg70e63n,-0.51052,-0.053097,-0.59401,-0.15461,-0.46311
ywxtlSKv,-0.56419,-0.41723,-0.73782,-0.4315,-0.16577
yzKPQPOR,-0.34304,-0.64192,-0.44985,0.18908,-0.70839
z5cnOnZ1,-0.25664,-0.48165,-0.35416,-0.48708,-0.6063
zFLkOE0e,0.081209,-0.016549,0.49321,0.38275,-0.91604
zGi72mxL,-0.5769,-0.41335,-0.5712,-0.30532,-0.88598
zN925UV3,-0.36851,-0.085171,-0.75525,0.70421,-0.9179
zTy2ih7e,-0.56243,0.17211,-0.80253,-0.42947,0.70981
zVFzAutw,-0.30951,-0.10615,-0.15724,-0.43038,0.31967
zYxNAkht,-0.49182,-0.3112,-0.61754,-0.74066,0.3982
zaWDBai3,-0.24415,0.49263,-0.10492,-0.13039,1.3297
zg3u0Zsx,-0.4389,0.47706,-0.2487,0.11103,-0.066514
zlwLfdsS,-0.48369,-0.61148,-0.77809,1.4026,-1.1253
zmbKzVfl,-0.26972,0.20634,-1.3467,0.36346,0.12612
