PIDN,Ca,P,pH,SOC,Sand
09gt9UK5,-0.63586,-0.24369,-1.1521,-0.71532,1.2651
0BVvxJ6a,0.24433,0.17556,0.65927,0.32793,-0.68272
0KbdgApg,-0.032867,-0.1688,-0.090497,0.13666,-0.91394
0MnuuduB,-0.37418,0.077303,-0.43714,0.68244,-0.81312
0PcIsF9z,-0.037548,-0.43063,-0.97952,0.031558,-0.23766
0ShTFLYJ,-0.45937,-0.6429,-0.70086,-1.0374,0.053025
0XZh9jka,-0.39922,-0.025108,-0.58121,0.74168,-0.9619
0Y7Wegri,-0.24141,0.29707,0.5935,-0.10424,0.61913
0dTqplIM,0.067347,-0.17361,0.21476,0.23887,-1.028
0lNiZicC,-0.26706,0.054143,-0.77054,-0.48432,-0.24706
0rGeJ0QN,-0.26236,0.021222,-0.41257,0.17999,0.074563
0sXI9ytQ,-0.5301,0.049582,-0.43703,-0.7877,1.7002
0ukt4aP6,0.65192,0.28293,1.4877,-0.66865,-0.027681
1AGspb8f,-0.47185,-0.7682,-1.3858,0.43805,-0.96988
1Csy0gvE,-0.38922,-0.23432,-0.43992,-0.60461,0.56474
1Ic2hly1,-0.37905,0.39617,0.03144,-0.026275,0.32724
1PPbaTwt,-0.25153,-0.34705,-0.42684,-0.6078,0.33666
1SO5VJNy,-0.3507,-0.036805,0.078247,-0.47588,0.69818
1arHxK3Y,1.1497,0.61051,1.2782,0.48362,-0.69819
1fCW4Bba,-0.31665,0.038913,0.18804,-0.30833,0.4224
1qDZNvIm,-0.52475,-0.060864,-0.25611,-0.71589,1.3039
28LYJC2V,-0.47687,-0.32773,-0.92652,0.73085,-0.27625
2CzACvQq,0.42442,0.66664,1.323,-0.51696,-0.4544
2FT3crfv,-0.3148,-0.23883,-0.28951,0.1005,-0.69561
2Fy2uHVg,-0.56794,-0.079188,-0.47233,-0.61819,-0.39013
2MkMEApm,-0.29555,0.18383,0.24328,-0.6264,0.47554
2NDGWEOe,0.5982,1.2794,1.7523,-0.53638,-0.54433
2NyyCiqn,-0.38007,-0.0023506,-0.13625,-0.43238,0.6137
2QRzIb84,0.66149,1.0248,2.2017,-0.3397,0.15393
2QcbdrUZ,-0.37701,-0.3127,-0.025857,-0.3821,0.47035
2YgAimWK,-0.30609,0.20928,0.46663,-0.56131,0.51158
2cx85d9H,0.29888,-0.4301,-0.011893,0.17577,-0.9726
2homMXMV,-0.25438,0.053619,-0.82374,0.14223,0.43212
2ldLrUtq,-0.33795,-0.37198,-0.34563,-0.49518,-0.25302
2nsACW6G,-0.11843,-0.18688,-0.4784,1.2698,-1.0222
2yMbVnWc,0.082956,0.20989,-1.0742,1.612,0.33683
36r8sgGQ,-0.40604,-0.27482,-0.16562,-0.75432,0.74362
3NXAXCl3,-0.37924,-0.64552,-0.75796,0.38797,-1.0664
3QG0z6fl,-0.43905,-0.22179,-0.76552,-0.33571,0.082195
3WS8R9qm,-0.23549,-0.26404,-0.63696,1.7589,-1.1863
3fRLm8f5,-0.32034,-0.41407,-0.96092,0.052471,0.50123
3mZhp1nQ,-0.53205,-0.34094,-0.40112,-0.53846,0.43844
3pikJXRL,-0.34458,-0.1792,-0.67515,0.40498,-1.0377
3pxOEGHL,-0.5218,-0.31666,-0.53778,-0.70646,0.72876
3ttdV3f5,-0.4142,-0.19187,-0.24119,-0.35821,-0.41898
3v4X6Mfe,0.68728,0.23801,1.5488,-0.66892,-0.0067345
3wORuPiv,-0.6592,-0.40687,-0.67312,-0.38831,-0.69889
43EfrxZj,0.079314,0.1264,0.050674,0.62178,-0.61304
457Vwm21,0.084084,0.20678,0.56289,0.33191,-0.17661
46KNnOdx,-0.36674,0.40868,-1.3543,-0.0096533,0.028427
47TwNsVC,-0.36207,-0.58277,-0.95862,1.0001,-1.1667
49856RpO,-0.39154,-0.37634,-0.82395,-0.5904,-0.93954
4Ane1o2N,-0.40295,-0.78135,-0.57776,-0.46376,-0.082546
4AyVUgSc,-0.42038,-0.32817,-0.71481,-0.62303,-0.47515
4B1951On,-0.20019,0.087263,-0.069171,-0.41238,0.083278
4OL39Teo,0.028776,0.686,0.057188,0.65926,-0.37731
4eQ90eLY,-0.25887,0.019456,-0.096604,0.43916,-0.37532
4o5jwMj8,-0.28565,-0.13192,-0.35777,-0.68557,0.19928
4vPgpl2c,-0.29386,-0.37534,-0.30878,-0.6028,0.8004
51r9aA0d,-0.36607,-0.34408,-0.61152,-0.72703,-0.49393
58SmeRoP,0.13345,0.16063,-0.0066249,0.015676,-0.4259
5HJp1AXn,-0.47208,-0.2376,-0.65816,0.81931,-0.23202
5MBZW7fx,-0.29238,0.46414,1.0115,-0.58475,-0.022786
5Nq3gHaP,0.3671,1.3151,0.38058,1.2188,-0.3396
5RmwFFK3,0.76107,0.63599,0.41018,0.3554,-1.201
5Tu5Jbov,-0.62662,0.10304,-0.63378,-0.31475,-0.43666
5YEolkev,-0.36303,-0.43893,-0.13959,-0.54239,-0.41764
5a8sf6QV,0.0090775,-0.1813,0.27736,0.029508,-0.78396
5eSvmqYm,-0.468,-0.27319,-0.28255,-0.60437,-0.20452
5hkN8fiv,-0.27885,-0.41199,-1.0118,0.7841,-0.92497
5oK8Gti5,-0.64335,-0.33938,-0.47912,-0.73499,1.5019
5paniGaU,-0.60297,0.064597,-0.91059,-0.79601,1.5656
5vsr7ZUP,0.62032,-0.19736,0.9697,-0.23963,-0.77444
60B4xMWI,-0.3253,0.61455,1.2512,-0.92692,0.679
64jOUtKy,0.3453,1.0427,0.13031,1.7589,-0.84632
6AJo4xNG,-0.20189,0.27895,0.077251,0.23048,0.084698
6CAvhEte,-0.35423,-0.22226,-0.64654,-0.44495,0.25699
6CuGYjT5,2.4312,-0.30908,1.869,0.58081,-1.3249
6DGH8ujZ,-0.33524,-0.22072,-1.0368,0.16662,-0.55477
6PzsGdVm,-0.26005,-0.24444,-0.76753,0.37687,-0.56735
6UcSJMbq,0.14369,0.27178,0.88514,-0.88221,0.13167
6WJbkH8U,1.1112,-0.22404,1.5506,-0.29206,-0.9183
6eUWsVzw,0.23098,-0.069638,0.92539,-0.040108,-0.65425
6gNyO7Do,0.2221,-0.23887,0.16872,0.33942,-0.84947
6jT0AyHe,-0.050357,-0.41246,0.24101,0.23769,-1.0772
6nBgCvWu,-0.43924,-0.214,-0.069945,-0.46292,0.83275
6ro5mqg6,-0.37173,-0.4029,-0.26039,-0.44903,0.23601
6sGqObX4,-0.74745,-0.13529,-0.59854,-0.33481,-0.58512
6uEGy0n4,1.7467,-0.11232,1.9018,-0.25399,-1.0497
7BZ4LxP8,-0.037802,-0.45011,0.26077,-0.20145,-0.63952
7CmigXKi,-0.34468,-0.10122,-0.72281,-0.5971,0.053364
7Ga0LpfR,1.0379,1.6727,0.00098584,2.1579,-1.0879
7PQsFvsG,-0.29356,-0.3554,-1.3212,1.0556,-0.64671
7aF7nnwn,-0.55284,-0.35607,-0.65227,-0.90203,0.59785
7asGzfX9,-0.19404,-0.12133,-0.049583,-0.20882,-0.055911
7cg7C92o,-0.086265,1.5042,0.38298,0.76868,0.12977
7eOxTpsB,-0.3518,0.26448,0.49585,-0.65817,1.1691
7ey0v7ma,-0.37998,-0.71053,-0.5516,0.23016,-1.1102
7gocyrYl,-0.28242,-0.15124,-0.45605,0.87508,-0.1094
7gqR3GoA,-0.42083,-0.56645,-0.68435,-0.4373,-0.52158
7og7aUXB,-0.34989,-0.13727,0.055098,-0.22554,-0.32511
7onRfa8F,0.13698,0.099616,0.25954,-0.31548,0.6093
7umkNuxM,-0.26046,-0.49512,-0.20109,0.14168,-0.4815
7vPr9ExD,0.033215,-0.011312,0.11244,0.092428,-0.81618
7zNjpCzu,-0.40659,-0.18286,-0.37109,-0.18959,-0.65323
7ztsQNj3,-0.59718,0.00050525,-0.55976,-0.1838,-0.42966
86gppwMI,-0.47518,0.17974,-0.61934,-0.32209,0.78248
88thAGdL,-0.35936,0.089709,-0.26496,-0.35094,-0.24508
8GhU8STP,1.2731,0.4555,1.3867,0.29027,-1.0692
8NlzDcWe,-0.39194,-0.38912,-0.83259,-0.62039,-0.22968
8QAejdLW,-0.10945,-0.13062,-0.20496,0.15541,-1.004
8RDeFxWM,-0.43715,-0.086425,-0.23077,-0.65399,1.221
8UXP2NBS,-0.25608,-0.26144,-0.097991,-0.45201,0.54175
8ZoV3KGT,-0.21478,-0.28188,0.054398,-0.24068,-0.43591
8ajs2uG8,-0.45265,-0.17077,-0.78258,-0.30416,-0.472
8bXnz62p,-0.23658,1.05,0.45098,0.32793,0.69079
8nO1O1LG,1.946,0.50854,1.4137,1.5501,-0.86519
8xE1p8g8,-0.46065,-0.016476,-0.48757,-0.41064,-0.23907
8yMDVMRM,-0.49183,-0.23391,-1.0916,-0.62481,-0.72558
98R5VaPi,0.73539,0.21959,2.192,-0.73633,0.82786
9DcTz2Ua,2.6187,-0.10969,1.9812,0.94888,-1.0976
9G7nfUrK,-0.27234,-0.35763,-0.18956,-0.42316,0.35507
9O6GZ1HT,-0.12097,0.48681,1.0127,-0.76377,-0.52867
9S7fCoAM,-0.39701,-0.25845,-0.021379,-0.40896,0.54603
9iQwmFJR,-0.32371,-0.37344,-0.14053,-0.69059,0.17802
A3Mt6SAQ,1.1643,-0.070732,2.4715,-1.1826,0.44271
AJIsQIcV,-0.36353,-0.10881,-0.68346,-0.41516,0.49106
AMHKXMh8,1.7735,0.26954,1.7647,-0.061723,-0.85617
ASwA2J4E,-0.31175,0.032523,0.13605,-0.41887,0.69519
AaFvEoHq,-0.49572,0.38045,0.60932,-0.93709,0.91336
AiIPD6hX,-0.45071,-0.21705,-0.52478,0.4485,-0.34484
AsIURvJS,-0.58084,-0.39659,-0.79718,0.73712,-0.82753
AsvgbJ0C,-0.12721,-0.19632,-0.64816,0.70328,-0.16195
AxEhbkCM,-0.37092,0.54583,-0.53103,-0.58471,-0.31073
B7VPkIpx,-0.51483,0.43427,0.83451,-0.69423,0.73081
BBwHqHiH,-0.043111,-0.33319,0.027894,0.014934,-0.88743
BMyps8hr,-0.31599,-0.35951,-0.26453,-0.14637,-0.46081
BUHS4dQw,0.46813,0.39437,-0.058748,3.1032,-0.77941
BZB3EYWQ,-0.29726,-0.04254,0.051504,-0.39556,0.66375
C5UPCZcL,3.3332,-0.24832,2.1082,0.78248,-1.1086
C5gIfQbJ,-0.37346,-0.21178,-0.95954,1.5862,-1.075
CDRuu4Pn,-0.47245,-0.39075,-0.30843,-0.77078,1.0339
CQhTYkqE,0.28607,0.22066,0.59777,0.35711,-0.85695
CSEobMXv,-0.27985,-0.070776,-0.67734,1.1218,-0.80469
CYMQE4x0,0.057939,0.68918,1.3098,-0.28593,0.74159
ChQdtl4J,-0.45309,-0.33147,-0.089162,-0.53455,0.35757
ChnD1nrN,-0.33756,-0.34211,-0.6485,-0.564,-0.4951
CvtbbIcq,1.1166,0.46629,1.6838,-0.19419,-0.1582
Cxk06b77,-0.34713,0.75744,0.70233,-0.045,0.16463
D3QD3ZEJ,-0.15238,-0.30925,-0.23871,0.60487,-0.15576
D8J5C6lA,0.5346,1.189,1.0089,-0.011484,-0.91662
DCeQwYfT,-0.1111,-0.084622,0.062128,0.15787,-0.48874
DDEftkx3,-0.57529,-0.065028,-0.78774,-0.71216,1.2456
DEwCfeDW,-0.44604,0.63072,-0.055756,0.16744,0.7667
DMkIV4oL,-0.50232,-0.25524,-0.67428,-0.73727,0.8209
DnzGfbxS,-0.24251,-0.13369,-0.026004,-0.070441,-0.718
DoZxo6f6,-0.32801,-0.034752,-0.075016,-0.59684,0.57898
DvhBPGIk,-0.59254,-0.5245,-0.46749,-0.57992,-0.33986
Dx7GoUcT,-0.46912,-0.26127,-0.11677,-0.59972,0.93379
E5hIjohO,0.23768,-0.32181,0.23452,0.95378,-1.4476
E6x4XGHt,-0.68011,-0.25101,-0.70631,-0.73525,1.1893
EDEpAzh1,-0.51383,-0.15273,-0.48017,-0.34147,-0.54174
ETGudkQt,-0.30086,0.36181,0.32426,-0.51436,0.16492
EUleKrLJ,2.1092,-0.013342,1.7752,0.81609,-0.87163
Ehw2Jz6s,-0.40197,0.1673,-0.57746,-0.52818,0.083994
EjqzC4zH,-0.5795,0.0038934,0.45529,-0.82934,0.59621
EkMZO3Qj,-0.38098,0.67217,0.26533,-0.60302,0.54024
EnoNXWvU,0.12271,0.36808,0.98447,-0.93551,0.0096966
Epv8ANwr,-0.37173,-0.49171,-0.42837,0.35068,-0.1578
Etro9j0B,-0.072281,2.0011,0.39868,0.022617,-0.06456
F3MIZj76,-0.098857,-0.18191,-1.0723,0.22743,-0.92271
FB8tU00K,-0.52845,-0.37134,-1.0402,0.56152,-0.25097
FLhxBGMK,-0.0039451,0.09676,0.38974,-0.061526,-0.8476
FRreR8ka,-0.43709,-0.36306,-0.31271,-0.2741,0.30187
FXne4oAV,0.46434,1.0417,0.89734,-0.31674,-0.90602
FaW764jk,-0.34509,0.84367,0.84122,-0.19962,0.50233
FeAbMXly,-0.60299,-0.43416,-0.89928,-0.61332,0.85587
FeudaFXn,1.7302,-0.3455,1.9479,-0.44373,-0.92909
FldUmFeM,1.6665,-0.27823,2.0093,-0.8963,-0.12563
Fnv5tfAm,-0.73686,0.0055092,-0.64583,-0.20722,-0.51863
FvrAd3Or,-0.19537,-0.10399,0.82199,-0.91463,0.58708
G48zHffi,0.14278,0.4353,1.3069,-0.90875,0.52212
G76zCv5N,-0.4179,-0.5003,-0.66876,-0.47278,-0.27638
G7JGUdNf,0.21027,-0.43128,0.26273,0.039696,-1.0069
GCo6MONx,1.1319,-0.15104,1.056,0.45962,-1.0254
GE0vbpVQ,-0.34038,-0.074357,0.22804,-0.67799,0.79796
GN0DfOqt,-0.31141,-0.52468,-0.18809,-0.60889,0.29365
GNsTAb1v,-0.55,0.15803,-0.53304,-0.35007,-0.71923
GPwmO21z,-0.48065,-0.5352,-0.52103,-0.11724,-0.45121
GQYpfLoh,0.8961,0.35802,0.24036,0.61537,-1.1692
GR9knT8n,-0.28693,-0.34046,-1.2082,0.95257,-0.64807
GXtFFbZy,0.38783,0.44418,0.53167,0.055063,-0.14292
GYvzvvFD,-0.51087,0.40846,-1.2108,-0.12687,0.24146
GemPjTJ9,-0.2819,-0.24146,-0.93336,0.58528,-0.81587
GkLYRm1K,1.8295,0.012523,1.8667,-0.34781,-1.1463
GmlqP8eI,-0.47512,-0.39221,-1.0118,-0.69306,-0.76407
GqkIrOvf,-0.32978,-0.24198,-0.84731,1.161,-0.88383
H0fsegPi,-0.53331,-0.23049,-0.37051,-0.55984,0.55421
H4dHpJjU,2.1149,0.063501,1.7124,0.87654,-0.93469
H5QwJCuU,2.184,1.7761,2.1264,0.79829,-0.65102
H5uwmSZ0,-0.51681,-0.16751,-0.497,-0.77062,0.50287
H8MtbVoL,-0.17935,-0.067499,-0.13265,-0.2715,-0.61407
H9JrUYnp,-0.36546,-0.25568,-0.18256,-0.1437,0.31224
HHYmmHVk,-0.53274,-0.23775,-0.50084,-0.79459,1.2986
HJ5U4uqL,-0.57409,-0.22608,-1.3955,-0.51549,-0.40893
HNQxYc4w,-0.3258,-0.31799,-0.35547,-0.55441,-0.046452
HQYhKHZ8,-0.50019,-0.18574,-0.85153,-0.54124,-0.36526
HSCMx0MC,-0.45873,0.10997,-0.23385,-0.60211,1.1162
HXYuE0fx,2.3907,-0.3349,1.9216,0.32246,-1.0823
HdKcxEWr,0.1048,0.98933,0.82303,0.63979,-0.26323
HecW1iCC,-0.65236,-0.24699,-0.48991,-0.58674,-0.66326
HpbKB8rv,-0.22137,-0.26941,-0.83807,0.65811,-1.1023
HrkoYjCg,-0.057105,0.91172,-0.33753,1.3177,-0.67842
I5P2uquT,-0.29715,-0.082335,-0.011519,-0.43562,0.32014
I94qkDM7,-0.43879,0.17597,-0.93994,-0.26478,0.42205
I9sQbtt8,-0.16633,0.13093,-0.84749,1.7985,-1.044
IFxgw6ZX,-0.64607,-0.27001,-0.27757,-0.69531,-0.25289
IPPPSyoU,-0.51075,-0.42321,-1.1544,0.090347,-0.79778
IQOYQubU,1.8434,-0.268,1.6599,0.23712,-0.88167
IYNE2SxU,-0.54868,-0.02556,-0.49835,-0.08112,-0.54935
IZRFk9kN,-0.27299,-0.035498,0.13669,-0.26554,-0.063422
Iaq3v0t3,1.3662,-0.0034845,2.4317,-1.0239,0.20816
IbVwu1t6,-0.3571,-0.37073,-1.0372,-0.18349,-0.65105
IcHKTLyo,0.18817,-0.1408,-0.02077,0.10251,-1.0134
IpW80wVB,-0.12706,-0.29845,-0.4622,0.010338,-0.43335
Itb0PYUV,1.9054,-0.027842,1.5842,0.96299,-1.0914
J8fpSwS0,-0.55681,0.25567,0.45724,-0.86233,1.1817
JE1SlbD0,0.72022,1.149,0.45699,2.2282,-1.2297
JEB4McNb,1.0494,-0.10005,1.4552,-0.25807,-0.96364
JEE4QVeQ,0.020944,-0.19183,-0.18742,-0.29795,-0.80437
JJSEU2VQ,-0.54401,-0.17726,-0.61958,-0.59485,0.86458
JSsVriP2,0.10114,-0.28428,0.93495,-0.78757,0.083277
JUvQNiOK,-0.051944,0.50495,0.73633,-0.40251,0.45627
JZbrRtm2,0.24147,0.2015,1.4023,-0.91939,-0.25996
JcE9G92B,-0.0082754,0.13826,-0.053685,1.1566,-0.56458
JnNYpXHr,0.5253,2.1193,0.12461,2.1836,-0.74049
JzpbnOtz,-0.47236,0.38277,0.061867,-0.58937,1.0556
JzzUhPQp,1.8334,0.79593,1.8616,-0.20565,-1.1682
K05R8dQK,-0.38412,-0.32416,-0.80797,0.69618,-0.48762
K17pG2mG,-0.246,-0.24647,0.39018,-0.82105,0.94748
K8BellUe,-0.074908,-0.74694,0.21917,-0.17865,-1.2166
KJ2eH6rr,-0.054278,0.031057,-0.062091,-0.28309,-0.53761
KJEJ6Glk,0.59639,0.632,0.41686,1.5862,-1.2744
KSbO0oXS,0.3276,1.2115,0.084727,2.0545,-1.0697
KXtvmd01,-0.36655,-0.42385,-0.29187,-0.4919,0.21424
KYiJqBuJ,0.13026,-0.40997,0.62126,-0.44967,-0.73953
KmbAyTcE,-0.23026,0.058833,-0.03648,-0.37724,-0.21794
KnNyl3rV,-0.044992,-0.18469,1.3231,-0.33437,0.84886
Kp2DG8TZ,-0.59392,0.35868,0.62012,-0.75232,1.2179
KqQtKWs5,-0.53371,-0.31511,-0.79039,-0.56342,-0.15463
Ku27g63R,2.7555,0.42553,2.0824,0.51661,-0.61337
L2aTVqDq,-0.42191,-0.44377,-1.214,0.71795,-0.77041
L5jvq6G4,-0.51652,-0.24588,-0.60535,-0.6535,0.25613
L91hYVQl,-0.55143,-0.31429,-0.75672,-0.87128,-0.29272
LINAMlbA,-0.2573,0.012947,-1.1522,0.020769,0.39262
LJoUNXSx,-0.29665,-0.052592,-1.2996,0.18149,-0.54962
LLtSiyWD,-0.54693,-0.42064,-0.55589,-0.47179,0.011493
LQJtV8kn,-0.055901,-0.037795,0.41656,-0.18305,-0.97732
LW9uddw7,-0.29552,-0.46299,-0.56369,0.89122,-1.2319
LZ6sdBTR,0.93182,0.36276,1.1409,0.26394,-0.69908
La2Vhnne,0.42359,0.0026089,0.48909,1.4111,-0.51575
LaUWSq9B,-0.036523,-0.17949,0.19432,0.017604,-0.78355
Lk4SfkPQ,-0.59497,-0.4927,-0.81843,-0.12417,-0.7915
LllC836d,-0.09761,0.0099243,-0.56943,0.69884,-0.312
LuGiGeWN,-0.39237,0.17926,-0.79661,-0.12734,0.66698
LzcyHcWa,-0.49286,-0.1043,-0.50338,-0.61102,0.96179
M7veP0H4,-0.38338,0.19335,-0.050712,-0.27781,0.77774
MB8aaJUc,0.033443,0.52215,-1.1221,1.0975,-0.1088
MDpe2zuy,-0.53403,-0.23433,-0.53071,-0.36553,-0.55772
MEzdmEIU,-0.38153,-0.2844,-0.22779,-0.44838,0.046765
MVnhtivm,-0.35471,-0.41802,-0.60869,-0.29399,-0.60916
MYU7WDis,-0.56862,0.21809,0.8059,-0.86033,0.91701
MZFqh6yw,1.9295,0.51944,2.2177,-0.24223,-0.060055
Mdgy4SsO,0.94437,0.91234,0.25412,1.6354,-1.2965
Mj8awnzy,-0.35734,-0.13346,0.26752,-0.68372,1.2227
MpFPbUJy,1.9118,0.38598,1.6448,0.82365,-1.0001
Mqk7MFBM,-0.23592,0.41687,0.53531,-0.63768,0.50023
Mqs2t1Eo,-0.57855,-0.14973,-0.56781,-0.18169,-0.34581
Mv3jFVxp,-0.30172,-0.24997,-0.055768,-0.22484,0.29227
MxODTXvA,0.057856,0.12148,0.35878,0.13607,-0.96972
N46PbpPM,-0.39899,-0.1644,0.10812,-0.60944,1.6154
N5S5F9Gk,-0.43229,0.45324,-0.92913,-0.091215,0.77694
NLDg5fqw,0.21219,-0.30211,0.23953,-0.30376,0.015148
NOho2ZiM,2.5887,-0.27726,1.9087,0.56808,-1.2122
NUuY7PFU,2.0019,0.31642,1.5223,1.2551,-1.302
NV1e8AEO,-0.41922,0.052765,-0.10811,-0.51191,1.2035
NZLXROKC,0.02607,0.14439,0.27303,0.47442,-0.81763
NaJo7C6o,0.31828,0.27969,1.1923,0.02024,0.17317
NgsyGkrO,0.20177,-0.2133,0.56865,0.55374,-1.2128
NjOx4Zpo,-0.44787,-0.39225,-1.2277,1.4478,-1.0405
NmQoI7x0,1.6194,0.58883,1.9686,-0.65063,-0.14188
No4wkdLS,-0.30995,-0.12668,-0.76518,-0.64072,-0.22097
NouMwhOf,-0.40513,-0.46676,0.089983,-0.41959,-0.53382
O6YAWd8C,-0.0089287,-0.3341,-0.04283,-0.13671,-0.92607
OAXVphSh,1.4835,-0.33479,1.6889,-0.29182,0.030723
OJBBhb6Q,-0.46965,-0.42605,-0.33818,-0.85406,1.3876
OSIQXImL,0.23457,-0.23938,0.52356,0.11467,-1.3487
OUUFc5Zz,-0.44847,-0.26483,-0.06072,-0.72118,0.73967
OVk1lquT,0.32829,1.5664,0.24981,1.7432,-0.11946
OXdRxjzz,-0.20593,-0.42384,-0.7575,0.24629,-0.81571
OXxW2ekf,-0.45216,-0.37311,-0.22409,-0.77278,0.068656
OXz5OpqR,-0.29635,1.0036,1.218,-0.38997,0.44721
OcBFW1AX,-0.13503,0.37114,-1.0318,0.28803,0.51729
Of9V2rpt,-0.027776,-0.039426,0.22514,0.01707,-0.4326
OfLxPhbG,-0.3187,0.054303,-0.10124,-0.29286,0.78277
Ojx2vi48,-0.49124,-0.36193,-0.68136,-0.73928,0.17577
P3M32iuT,-0.6567,-0.37003,-0.7902,-0.94124,-0.059522
P7olVzrO,-0.11621,-0.067918,-0.18805,-0.18939,0.37034
PAPHErnv,-0.34124,-0.044733,-1.1051,-0.073719,-0.42965
PBjEtfXb,-0.43003,0.17416,-0.35031,-0.43243,0.41138
PZGpoBBj,1.764,-0.10994,1.9587,-0.29201,-1.0547
Pc2RrxXS,-0.32347,-0.5448,-0.41409,-0.53328,-0.15418
PcHQ4FOu,-0.47668,0.1851,-0.49024,-0.18822,-0.039068
PeNyTOVN,-0.28801,0.26013,-0.10457,-0.072938,0.37941
PhUPSU53,-0.50354,-0.29021,-0.55133,-0.29159,-0.22223
PmUNeV2O,-0.27607,-0.36702,-0.88102,-0.69118,-0.34109
PoDJ0uvK,1.6685,0.59442,1.7977,0.268,-0.42261
PsUJdJdg,-0.32668,-0.19104,-0.36161,0.8317,-0.36507
Q3xLFx1f,-0.3421,-0.21253,-0.86592,-0.1853,-0.36062
QBGxCvdM,0.0087547,-0.35354,0.075097,-0.12309,-0.91932
QCEPyu6L,-0.50971,-0.44826,-1.0482,0.31748,-0.5506
QEfwec4s,3.3184,0.079714,1.9546,1.8762,-0.81368
QZ87Nnr3,-0.43331,-0.22018,-0.16434,-0.5899,0.64546
QlyGN9jv,-0.49512,-0.22348,-0.553,-0.35785,0.33405
QqgWE1ny,-0.43521,0.10371,-0.36541,0.031529,-0.54191
QrjjBpZd,-0.32812,-0.078567,-0.88553,1.5713,-0.87406
QsaBiX7V,-0.41799,0.0016085,-0.19903,-0.12282,-0.077197
QtBKJuZk,-0.37122,-0.19245,-0.16534,-0.5684,0.58645
QtPRO8OJ,-0.45594,0.14987,-0.94084,-0.42529,0.6262
R8XcsFnp,-0.32826,0.33287,-0.080389,-0.46983,1.6334
RROfRt9z,-0.37152,-0.43814,-0.024853,-0.049316,-0.85799
RTcbiDGq,-0.42137,-0.31279,-0.61805,-0.46872,-0.093264
RVidM9g0,-0.011495,0.44873,1.5618,-0.88725,0.92919
RZnQSH19,-0.49017,-0.27084,-0.47831,-0.62304,0.82949
Rc4UK7fT,-0.55243,-0.044784,-1.0077,-0.25717,0.45613
RcKBKh6B,-0.36004,0.080451,-0.41954,-0.40486,0.34762
ReM5kDa5,-0.030818,-0.09462,0.046624,0.051667,-0.84468
RfntsotG,-0.4073,-0.31915,-0.53198,-0.65962,0.39316
RiXMlzXD,-0.24712,-0.39663,-0.10349,-0.48092,-0.52488
Rik83O3m,-0.40966,0.043767,-0.50329,-0.35522,-0.2815
S3PCzDzO,-0.37764,0.13793,0.80373,-0.73087,0.36814
S77BviOJ,-0.47793,0.17927,-0.47991,-0.23687,0.0715
SDdvtktF,-0.37157,-0.25845,-0.62661,-0.16166,-0.74356
SHs1AyfM,-0.32651,0.15389,-0.21164,-0.43711,0.92789
SO4zQy9k,-0.43114,-0.25324,-0.31328,-0.63383,0.55096
SOOBCoiG,-0.42703,-0.46012,-0.041351,-0.62738,0.87002
SXkkPB7A,-0.37975,0.29845,0.36404,-0.48757,1.1863
Sa93dGqq,-0.22388,0.27823,-1.023,0.37595,0.55551
SonIG72a,-0.42798,-0.06537,-0.47313,-0.21477,0.4152
Suf6hIBc,-0.32846,-0.030724,0.13755,-0.51699,0.76822
Sx2JeSRz,0.16239,0.048704,0.59768,0.44585,-0.37171
T1Tlftr4,-0.29456,0.45412,0.801,-0.70839,1.2347
T7ulR4ci,-0.49179,-0.22894,-0.083025,-0.8468,0.89569
TA1NB3Br,-0.32673,0.072171,0.076252,-0.39712,0.65657
TFZUskaK,-0.052849,-0.29146,0.062008,-0.259,-0.68756
TNL8HGWZ,-0.029379,-0.22252,-0.092374,-0.14129,-0.93206
TZ8z1GSF,-0.46209,0.16324,-0.63614,-0.40692,0.19264
TqhRvkJJ,1.1445,-0.35205,1.5563,-0.56572,-0.32126
TtJCUiY4,-0.50537,0.061048,-0.022032,-0.89659,1.3531
TwDq0lua,-0.0056427,0.27144,0.40769,0.22292,-0.41941
Tzyf02sI,-0.27838,0.34625,0.31922,-0.45174,1.0438
U3yI6ZS5,3.1833,-0.10827,1.9155,1.6408,-1.0747
UBLnXZAN,-0.10068,0.077894,-0.97172,2.7455,-0.62954
UBWDzleg,-0.39693,-0.62302,-1.4015,0.90362,-1.0068
UBqkX6SY,1.6183,0.12023,1.7533,-0.093167,-1.0155
UCIAi1Aj,-0.046579,-0.2958,-0.7171,0.11644,-0.80741
UPbXGvCS,0.136,-0.46234,0.1426,-0.0044632,-1.0448
UeWm1l9F,-0.29778,-0.35876,-0.98528,0.97186,-0.50855
UhucscY7,-0.44596,-0.195,-0.60283,-0.33149,-0.57409
Uri1SvHV,8.2661e-05,-0.33153,0.0034373,-0.066975,-1.1037
UzxipGJS,-0.59003,-0.37108,-0.59644,-0.53781,0.44749
V74zfaAQ,-0.14679,-0.26033,-0.25386,0.032142,-1.0395
VBPxBLTh,2.0608,0.093516,1.702,0.69792,-1.1033
VLG7CXYS,-0.25385,0.050749,0.069097,-0.16262,0.47261
VNk52SpF,-0.29333,-0.45834,-1.0362,1.3303,-1.3021
VOREKsok,-0.52469,0.13016,-0.56158,-0.72448,1.6965
VRhTr5pX,-0.34706,-0.81441,-0.28186,-0.66291,-0.14413
VTcG4Kcw,-0.34287,0.55105,0.73597,-0.50004,0.94564
VeKiWSbS,-0.34481,-0.0050165,-0.11235,-0.40797,0.49821
VnU8nJHU,-0.43753,-0.19214,-0.14967,-0.39914,-0.06112
VueNCxYv,-0.45331,-0.25277,-0.22027,-0.16753,0.42325
VxuQTRUl,-0.45373,-0.18635,-0.29937,-0.39135,-0.27017
W5lgaocA,1.5114,0.56164,2.4883,-0.48107,0.10134
W5mMq9Ef,-0.44868,-0.3072,-0.77622,0.36567,0.2274
WDhNqFpS,0.004274,-0.19181,-0.27182,1.1519,-1.4574
WE6n1kZi,-0.39393,-0.41717,-1.2347,0.29132,-0.7005
WFk6r3vA,-0.57601,0.15336,-0.44382,-0.33603,-0.032712
WFyIrsUR,-0.54954,-0.89675,-0.59991,0.69776,-0.89417
WG6ZAsqR,-0.58456,-0.039168,-0.7797,-0.78155,1.2545
WMq3CZQk,-0.49425,-0.55492,-1.2755,0.79173,-1.2359
WRskmGjh,-0.56221,-0.21994,-0.46257,-0.48211,-0.46511
WXijSglj,-0.3948,-0.35978,-0.91679,-0.54775,-0.78436
Wc0stQgu,-0.33623,-0.39912,-0.91077,0.37749,-1.0343
WewoSCUB,-0.49513,-0.43894,-0.90585,-0.74651,0.042122
WuHuhHWJ,-0.29795,-0.19237,0.15243,-0.58283,0.80339
Wv7EBtZb,1.161,0.96031,1.4725,0.12425,-1.0619
WyPlxDn0,-0.50883,-0.10485,-0.22511,-0.64017,0.85599
X3WqoSNN,2.1154,-0.28122,1.5739,0.56498,-1.2772
XDhyP9KB,-0.65357,-0.18164,-0.63889,-0.27649,-0.58871
XQxhDRMG,-0.28444,0.12232,-0.92466,-0.16562,0.48211
XjLNAwxW,-0.16093,-0.40533,-0.2454,0.15046,-1.3091
XjfVQbXd,0.23897,1.0275,1.8564,-0.48392,-0.48034
Xovczbf6,-0.5685,0.066447,-0.76262,-0.76209,1.6554
Y8H4onBf,-0.5858,-0.34052,-0.63499,-0.60715,-0.23142
Y8YgzSZ9,1.6534,1.3467,1.6547,0.77885,-0.54579
YC4PNV20,-0.48048,-0.2405,-0.17414,-0.5211,0.91329
YDHSCRdd,3.5513,-0.10267,1.8944,2.1464,-0.73407
YIJ87aME,-0.44887,-0.031204,-0.11457,-0.29449,0.055875
YKvT4dFv,-0.40858,-0.54262,-0.49176,-0.073419,0.10488
YNebALR2,-0.40797,0.32801,-1.0506,-0.28044,0.26847
YNrnqFyb,-0.072236,0.22597,0.080729,-0.031155,0.088008
YUZ4lR3m,-0.46852,0.007657,-0.17067,-0.37293,0.33873
YYLvjoVC,-0.19075,0.41935,0.35665,-0.27729,-0.15019
Yb8OtMb2,0.17277,-0.28086,0.34325,0.162,-0.97547
Ycg4lTYw,-0.092204,-0.14846,-0.47643,0.49656,-1.1003
Yfk6tekH,0.22143,0.41895,1.1001,-0.63062,-0.76204
YoSfgmR6,-0.5401,0.33046,-0.51553,-0.11086,-0.12383
YpzFvexy,-0.30065,-0.40167,-0.81346,-0.043394,-0.3775
Yxqppfa3,-0.24308,-0.21769,0.058299,0.12433,-0.69855
Z16jTUvP,-0.41445,-0.32637,-0.44975,0.054515,0.016831
Z2BdCCbJ,-0.38082,-0.012568,-0.081028,-0.45132,0.89227
Z2JJMM6V,-0.037377,-0.058741,0.1383,0.098943,0.25475
Z5jE1OB5,-0.36429,-0.069393,-0.074155,-0.27165,0.42188
ZFsIqYxA,-0.14803,0.11551,-0.42263,-0.10014,-0.10025
ZHDVsoRh,-0.49865,-0.42703,-0.70033,-0.34698,-0.37833
ZSmfu2Fc,-0.64321,-0.51477,-0.81563,-0.16302,-0.030258
ZU8YXF3H,-0.5666,0.13514,-0.60773,-0.79771,1.6188
ZXKaNy6Z,-0.45338,-0.26009,-0.99939,-0.53156,0.57904
ZbYLo0zK,-0.14429,-0.28784,-0.13529,-0.72704,0.076085
ZedN8Gcn,-0.4456,-0.24069,-0.37923,-0.55191,-0.10753
ZgD4Dau6,-0.21465,-0.35381,0.39904,-0.6384,-0.36811
Zgzf79LA,-0.51375,-0.49913,-0.9191,-0.67325,-0.26679
ZjqzxDOF,0.44053,0.61052,1.6909,-0.59443,-0.25685
ZsZ5aDpq,0.018058,0.57295,0.11936,0.8113,-0.89403
ZtyqE7If,-0.48702,-0.35287,-0.41644,-0.29607,-0.83493
ZvUgz01f,-0.37098,0.0973,0.5936,-1.0167,1.0145
ZwrhgdQV,0.73243,-0.01415,0.84347,1.3396,-0.71957
a7bhJGBU,1.9768,-0.23349,1.4937,0.73321,-1.0854
aHpv6KzP,3.3568,-0.23229,2.1623,1.1679,-1.1913
aINzEBVN,-0.18998,-0.39439,-0.72713,-0.36341,-0.93999
aP9EtTGF,2.6801,-0.6341,2.2018,-0.12837,-1.0102
aV6EhtSL,-0.36692,-0.10748,-0.30196,-0.45359,-0.31485
aVZsXKoH,1.8571,-0.26381,2.0211,-0.35426,-0.9722
aYVnVJvc,0.11666,0.021723,0.26305,0.48837,-1.0278
abCzN1zx,-0.51488,-0.54055,-1.2626,0.48902,-0.87246
ae7sMiB4,-0.23163,0.24956,0.097749,-0.18819,-0.29164
afsVuCGV,-0.57328,-0.028778,-0.63921,0.34759,0.24521
aiwBQETI,0.064543,-0.20908,0.091033,-0.027483,-0.9419
aiyli4EI,1.9643,2.1729,1.6791,1.7287,-0.71761
apJ7NmzD,2.2892,-0.0048804,2.1609,0.055306,-0.90031
atVjNMtQ,-0.25776,-0.24472,-0.82731,1.2196,-1.4072
b5GirVGV,-0.39883,-0.81601,-0.25604,-0.70725,0.34547
b9SpMjNB,-0.19795,0.056163,0.353,-0.21149,0.94101
bAFs37yy,-0.43764,-0.34329,-0.1775,-0.74832,0.78144
bDia1hHV,-0.61174,-0.48788,-0.39965,-0.17437,-0.75595
bFkv5Mtr,-0.12641,0.30854,0.19128,0.35247,-0.15721
bHe2IXgA,-0.3473,-0.20996,-1.1287,1.432,-1.3344
bWX3vUm5,-0.05696,-0.046657,0.064636,0.14388,-0.92865
bat8tcGs,-0.14901,-0.84742,-0.28539,0.038601,-1.0631
bfjej4wu,-0.52914,-0.20373,-0.76168,0.19523,-1.1047
bh04YDiP,-0.44429,-0.59563,-0.4638,-0.050937,-0.33154
c110Fdc8,-0.31614,-0.28652,-0.31038,-0.46597,0.13414
c32GUzMa,-0.29733,0.33887,-0.77326,0.15619,0.49117
cT6uU0B0,-0.32733,-0.33184,-0.62159,-0.19097,0.71988
cWXCiFwh,-0.5327,0.32274,-0.47399,-0.23634,-0.35487
ceNvS3yd,-0.38511,-0.27444,-1.0979,-0.034897,0.13689
cmwdt4Av,1.5409,-0.079289,1.6263,0.1738,-1.0109
cn4EHsup,-0.17463,-0.26087,-1.009,0.044628,-0.37574
crVOGGTT,-0.30256,-0.22626,0.016865,-0.76153,0.80583
csPEJ1E5,-0.46775,-0.25677,-0.306,-0.53328,-0.32458
d0UrRtMk,-0.56972,0.048828,-0.57732,-0.78289,1.5592
d6LU4G4I,-0.27027,-0.16703,-0.53947,0.45617,-0.087761
d74T1DVv,-0.47804,-0.48672,-1.1641,1.7129,-0.81795
dR6rM1tQ,-0.11352,-0.69768,0.16351,-0.062801,-1.143
dUNxOoqg,-0.34456,-0.10294,-1.0417,0.76395,-0.78394
dUnlyhj7,0.35404,-0.04631,1.3058,-0.78297,0.080138
dVDlnZQ6,-0.23339,-0.10098,-0.8077,0.51445,-1.1454
dVT26GDu,-0.31322,-0.33087,-0.23873,-0.66072,0.40669
de43ycXY,0.39008,0.57483,1.2311,-0.833,-0.31707
dfIn7m9z,-0.58766,-0.48395,-0.84758,-0.40841,-0.43434
dhmb9ZY9,3.1489,-0.10523,2.0101,1.0567,-1.0324
dn8kCuyf,-0.38253,-0.18125,-0.5464,-0.57517,0.54409
dpcquvWW,-0.49613,-0.60424,-0.54058,-0.39855,-0.025458
dqcbIMyr,-0.53753,-0.05136,-1.0877,-0.26792,0.0058806
drWgsBf5,-0.41275,0.059271,-0.70987,0.31542,-0.67702
dytx0HSe,-0.61666,-0.05243,-0.97329,-0.76491,1.256
e4KkkIha,1.3264,1.2343,2.1064,-0.42849,-0.72174
e9YorH4m,-0.14207,0.10937,0.24915,-0.81362,0.50674
eB9gVQ0R,-0.12356,0.11314,0.10638,-0.50374,0.50032
eMhLFqU6,-0.30337,0.14539,-1.1335,0.15212,0.16135
eMllg1qm,0.46728,0.95409,0.76846,0.02007,-0.78131
eNPunZ9i,-0.21419,0.06735,-1.0419,0.55939,0.19993
eS5BSM4J,-0.50315,-0.11666,-0.38439,-0.70267,1.2664
eVGMFoOI,-0.19233,0.069957,0.35044,-0.86483,0.59456
eaIwb3rG,-0.36678,0.82819,0.11079,-0.22604,1.0107
eyzw8Vis,-0.49008,0.24773,-0.18936,-0.51862,1.193
f04Ke2bN,-0.28301,-0.097273,-0.53629,0.11243,0.17026
f4GA0te1,-0.43273,-0.33421,-0.43043,-0.78854,-0.051981
f7bd91h5,-0.49869,-0.25935,-0.2192,-0.76922,1.0966
fB7z9ndr,-0.40742,0.33038,0.49121,-0.4671,1.1598
fEe7AWFA,-0.47214,-0.58656,-0.038624,-0.30426,-0.7671
fJJIbgY9,0.31815,0.66706,1.1919,-0.60489,-0.72356
fQBURMvg,-0.44038,0.07434,-0.24394,-0.49304,1.067
fS0HpOub,-0.41491,-0.51539,-0.33794,-0.53533,0.34304
fTDXauuk,0.44955,-0.15734,1.0029,-0.68327,-0.73441
favPNA2N,-0.11612,0.55577,-0.66324,0.42215,0.54718
g3Fv0U4k,-0.20864,0.022812,-0.89565,1.1494,-0.66373
g5PKo2E2,0.18444,-0.16884,0.80756,-0.012208,-0.44623
gbjnD5fe,-0.30812,-0.59983,-0.38619,-0.71308,0.011487
ge9zqXCv,-0.37642,-0.44067,-0.73607,0.45262,-0.72209
geeqJpSE,-0.40702,-0.22394,-0.059665,-0.70585,0.84111
gqy1J2RS,0.17484,-0.13431,0.5017,0.16751,-0.85435
grlUtS3H,-0.040333,-0.083389,-0.31444,0.52723,-0.4964
gx965KYj,-0.29379,-0.12838,-0.22403,0.15404,-0.36387
h3F08Vjm,-0.43734,-0.14045,0.0011734,-0.52731,1.2744
h6FQG8Iy,-0.25393,0.46212,0.67394,-0.57074,1.0345
h7ftM8b3,1.6728,0.14756,1.7219,-0.16518,-1.142
hLrCHXZv,0.1216,-0.31997,0.30674,0.074634,-0.92292
hQ6VBuFx,-0.13934,0.18017,0.078496,-0.45028,0.51329
hYoR2y7w,-0.50121,0.19557,-0.45507,-0.18464,-0.7714
hf65yZkM,0.38428,0.26357,0.37566,1.2701,-1.0426
hjuwe1x4,-0.22908,-0.17486,0.31351,-0.43387,0.25558
hyINlsFR,-0.2165,0.53008,-0.023428,0.20849,0.68043
i0Qlm9Bv,-0.34077,-0.16351,0.14324,-0.54852,0.74021
i1VxfxMb,-0.4183,-0.24377,-0.1056,-0.55508,0.91483
i2l6jXNP,-0.45348,-0.31376,-1.0242,-0.1152,0.22708
i4FgPZv7,-0.33958,0.1623,0.25722,-0.66708,1.1095
i7XtIkSi,-0.64426,0.013458,-0.52791,-0.42302,-0.28438
i9z346Ut,-0.21848,-0.085625,-0.63638,0.90888,0.48569
iDOat4cZ,2.1966,0.41113,2.0561,-0.15523,-0.98514
iNv6RoSO,-0.12314,-0.02134,0.02672,-0.049285,0.18662
iSL9NYzy,3.6778,-0.34983,1.9811,2.0188,-1.0897
iSqVc1r8,0.18506,0.99541,1.2029,-0.73678,-0.33773
iYZMftt6,-0.66891,-0.43563,-0.47802,-0.55065,-0.65002
ieTPaa3c,-0.37783,0.058092,-0.97375,-0.088262,-0.35086
if7BmzU0,-0.43584,-0.25684,-0.1248,-0.71402,0.80804
ihNz5bmx,-0.19777,-0.030016,-0.70119,0.45366,-0.63915
ikJXKdIN,-0.56887,-0.40997,-0.55683,-1.0466,0.55965
iq2kxikN,0.019248,-0.28546,-0.28765,-0.12503,-1.0212
iuZEDJK7,-0.49026,-0.2211,-0.48526,-0.61684,0.56863
iyF8gVT7,-0.47267,0.16236,-0.10914,-0.62984,1.3853
j06qdQ0V,-0.35563,-0.45975,-0.33583,-0.33628,0.22339
j7hl8svO,-0.50912,-0.22944,-0.39907,-0.066448,-0.81261
j8hMoJUN,-0.36457,-0.19775,-0.74777,-0.62277,-0.21848
jNaFasbV,-0.56354,-0.61881,-1.425,0.5894,-0.96109
jVVHeYHT,-0.61649,0.18378,0.60203,-0.6843,1.1461
jXm4ySvK,-0.37616,-0.028734,-0.08598,-0.36235,0.58837
juO5ii5l,-0.40975,0.3688,0.6622,-0.72965,0.26999
k2hdEBsU,-0.48703,-0.33878,-0.15639,-0.79172,1.2389
k3ynMfhN,0.092676,0.64488,1.322,-0.35913,1.0315
k9C9yBtr,0.039913,-0.21784,0.28515,0.19526,-0.8309
kAKRvcRo,-0.42194,-0.078026,-0.68856,0.76596,-1.0346
kBi3R2oC,-0.38336,-0.23277,-0.023045,-0.40499,-0.30095
kDWmnsXe,-0.16798,-0.34089,0.35275,-0.44897,0.036459
kSGBd2Vh,-0.40863,-0.36359,-0.029218,-0.69965,0.50974
kT0miHPT,-0.55315,-0.51109,-0.50465,-0.46756,0.20368
kaW0TfRn,-0.36959,-0.54432,-0.039348,-0.49601,0.11092
kmg3SowO,-0.25639,-0.30744,-0.89015,0.47877,-0.48182
kpxKSlnF,2.3315,0.056223,1.9416,1.157,-0.42272
ku2cn1MV,0.73864,1.1732,1.4639,-0.16428,-0.12507
l1su5HU9,-0.43514,-0.25633,-0.16508,-0.43116,0.34532
l8Tg2RvD,-0.47293,0.43202,0.8278,-0.58582,0.75488
lB6NsVOc,-0.42156,-0.49495,-0.079917,-0.73723,1.1075
lEcdVyKk,-0.55317,0.040841,-0.60448,-0.58445,1.157
lH4TasGl,-0.032544,-0.14658,0.78616,-0.77159,-0.45851
lO9aggHW,-0.069211,0.2219,0.3326,0.26521,-0.0033161
lW3m9Vzu,-0.60059,-0.37257,-0.58154,-0.30171,-0.25824
lYLseGDP,0.22475,-0.40558,0.2262,-0.40971,0.093806
lcOnCdZi,-0.41797,0.31843,0.73467,-0.87317,-0.32131
le9YGwON,-0.177,-0.21487,0.044457,-0.15399,-0.22473
llMvu3TX,2.2353,-0.41725,2.8034,-0.56066,-0.32342
lnHh2jFO,0.12158,0.23176,1.4317,-0.93342,-0.077421
m07CVXd4,-0.43422,0.1965,0.68005,-0.80483,1.1411
m1lPk91z,-0.31338,-0.30436,0.33035,-0.69463,1.1231
m9IQdmwa,-0.42675,-0.40463,-0.34745,-0.63491,0.63212
mG9BRy5x,-0.42623,-0.072188,-0.26608,-0.17389,0.24278
mVHXnama,-0.28252,-0.4747,-0.69037,-0.39877,-0.78549
mXyrR6nU,-0.43965,-0.055063,-0.67698,-0.39527,0.63331
mbzNdxNc,-0.46253,-0.32208,-0.54351,0.3045,-0.36479
mntH7g3L,0.14863,0.58456,1.2397,-0.93741,-0.10516
msRTXP3H,-0.26071,-0.28373,0.070253,-0.093354,0.68436
mxBjvIPR,-0.41793,-0.37834,-0.36267,-0.66304,0.3662
n8Opmfbz,1.2997,0.39371,1.6083,-0.41585,-0.45317
nOkgU29Q,-0.12621,-0.33407,-0.80954,0.7696,-1.1306
nhttf7VM,0.034982,1.1833,1.1435,-0.004799,0.11682
njLbXYa3,-0.30352,-0.3496,-0.36662,-0.51137,-0.53804
nwkIpzmh,0.43504,0.49099,1.3781,-0.38295,-0.2399
nzB1R9Zg,0.16127,-0.017618,1.0484,-0.93304,0.10163
o1rZRI84,-0.44539,-0.070492,-0.53979,-0.43544,-0.36859
o7q5Mbty,-0.34175,-0.50598,-0.20008,-0.27764,-0.97647
oCBvysqB,-0.64537,0.17198,-0.41369,-0.37321,-0.31634
oDmycTPH,-0.43205,-0.58486,-0.25379,-1.0358,1.0198
oFAXZvQv,-0.6303,0.10263,-0.50508,-0.28319,-0.17367
oHE3M1zX,0.012569,0.093907,-0.53661,1.2224,-0.05923
oMhVmSpV,-0.7736,-0.096896,-0.73748,-0.67021,-0.44501
oNsDqVbi,0.15914,0.65426,1.2099,-0.66473,-0.42425
oYAJqQk8,-0.39203,-0.69801,-0.56406,-1.1723,0.21367
ob5Kb6dW,-0.57949,-0.0082845,-0.79002,-0.61549,1.1133
obnzqs79,-0.45547,-0.41068,-0.88084,-0.56976,-0.48197
oncLcgRP,-0.45679,-0.43298,-0.89203,-0.32265,-0.3506
ooWVYaAe,-0.18892,-0.0081203,-0.86181,1.2252,-1.1523
osdyOUnV,-0.22717,0.22227,-1.1194,0.5365,0.16348
p7H9CzCv,-0.24621,-0.50145,-1.0176,0.82239,-0.74399
p7U9hVhY,-0.43253,-0.10694,-0.46288,-0.56151,0.78089
pE6Cf1RV,-0.4291,0.37959,0.43625,-0.58587,0.93369
pI7qzotI,0.0030441,0.24222,-0.0020778,0.23819,-0.55796
pJrIA4sk,-0.35849,-0.75744,-0.25101,-0.45029,0.071367
pXne2CLZ,-0.44765,-0.43971,-0.52346,1.0131,-1.0849
pZMcDIOS,-0.46283,-0.56483,-0.44243,-0.68992,0.65746
pavfp3cc,0.25598,-0.30002,0.90994,0.11205,-0.86592
pbQdC5L3,-0.58798,-0.42341,-0.6057,-0.61904,0.20368
pgj7aAFP,-0.23041,-0.28487,0.056312,-0.13277,0.32418
pxg8G3ed,-0.2809,0.44133,0.1257,-0.22064,0.87364
q36Npk6l,-0.46663,-0.36868,-0.48945,-0.90104,0.98245
q4aDOVvq,0.3905,0.93,0.95013,0.28307,-0.85281
qGmfR9CN,-0.2456,-0.42262,-0.98389,1.252,-0.8419
qJ51ODpA,-0.33127,-0.26844,-0.99931,0.45265,-0.34943
qQX3cs3I,-0.25174,0.76028,0.98414,-0.58795,0.30685
qXeIxPb8,-0.44753,-0.056805,-0.35413,-0.43766,0.79411
qYQ4MShM,0.069026,0.075652,-0.023775,0.21429,-0.9258
qa0etnhK,0.075854,-0.20095,0.15558,-0.023212,-0.59735
qbL4sboq,-0.61223,0.39233,-0.39022,-0.57344,0.93812
qbYrsWHq,0.96859,1.2578,2.0694,-0.17064,-0.34243
r1zmcUqQ,0.50512,0.48542,0.94991,-0.74954,-0.70281
r54iHeQC,-0.36344,-0.1845,0.049596,-0.62122,0.72494
r6xrAnQV,3.3794,-0.043872,2.3312,0.19568,-0.25018
r9HxnQDg,-0.085457,-0.035495,0.76238,-0.19748,0.69506
rG8Puuf9,0.91535,-0.11742,1.1464,0.19016,-0.84689
rGuiefuR,-0.53594,-0.68219,-1.1346,0.28661,-0.91684
rJ19OhGP,-0.53941,0.17608,-0.5106,-0.53961,1.2388
rOCYepHd,0.053527,0.26151,0.99949,-0.51991,-0.28592
rQJaOPFI,0.0073004,-0.25687,0.56339,-0.33579,0.0091224
rQhZtZeh,-0.2195,0.60201,0.94662,-0.60445,1.1695
rapmok0w,-0.23646,0.82525,-1.2415,0.9123,0.035587
rgzfnPVu,-0.49508,0.44981,0.7275,-0.68551,0.40664
ri4qhb1S,-0.34853,-0.36533,-0.49114,-0.63954,0.47024
rqpFYzff,-0.54916,-0.22542,-0.33383,-0.64659,0.40775
rrs22coX,-0.4075,0.02429,0.18659,-0.31568,1.2144
sEeUCQLc,-0.6368,-0.0093483,-0.93026,-0.35007,0.62897
sHScwqQl,-0.43337,0.17643,0.37252,-0.71552,1.3922
sNC7DiAt,-0.50127,-0.27271,-0.21388,-0.58077,0.96446
sNK2TSs3,-0.41327,0.15762,0.31605,-0.3807,0.93668
sO7Su6uw,-0.22937,0.32011,-1.3457,0.046877,-0.0583
sOWZx89o,-0.63125,-0.33586,-1.133,-0.7318,1.2018
sPbRcPjC,-0.08253,-0.081513,0.068167,0.25376,-0.78458
scVUfTKI,-0.028867,0.22362,0.0022965,1.2608,-0.6024
seRaGeVv,-0.59875,-0.067257,-0.23496,-0.51809,1.0707
sgtwiYWi,-0.4439,-0.298,-1.1265,-0.086335,-0.18425
sjmLHcT6,-0.55548,-0.30834,-0.605,-0.65811,-0.0023947
skZUZZGS,-0.38295,-0.2692,0.071042,-0.40729,0.36872
suAmzADX,-0.3834,-0.27978,-0.90941,1.514,-1.0888
t4GWLqlO,0.42033,0.055835,1.0074,-0.40699,-0.17292
t7gy6Jyy,0.35957,-0.14984,0.92062,-0.77492,-0.013941
tBadzH60,2.2773,-0.12268,2.2899,-0.11338,-0.68113
tXUWm0hp,-0.22737,-0.48291,-0.43544,0.47185,-0.54975
te6UPPxf,-0.70902,0.09507,-0.49673,-0.49184,-0.60006
ti2lamkL,0.14309,0.28361,0.72073,-0.34159,-0.26267
tr0lpwuU,-0.21985,-0.33433,-0.64476,1.9393,-1.272
ttdB5C73,-0.43829,0.10233,-0.093903,-0.4683,0.73497
twS8YZu9,-0.28301,0.1052,-0.38875,-0.40009,-0.067768
tx68W34H,-0.6625,-0.60147,-1.3921,1.0793,-0.72035
tyQSX4mY,-0.37106,-0.015759,0.51395,-0.78511,0.32706
tylKCRc0,-0.43752,-0.39848,-0.31655,-0.44186,0.44418
u1544WUo,-0.38216,-0.14209,-0.69501,-0.55334,0.41957
uAw9an0d,0.038387,0.048548,0.41948,-0.17939,-0.27984
uLZAEXMG,2.534,-0.37555,1.9926,0.19729,-1.0537
uMwe1s7I,-0.63302,-0.87852,-0.56132,0.57932,-0.81806
ufhGeV3q,-0.5977,-0.26171,-0.4857,-0.62095,0.50095
uhAeGBHo,-0.24679,-0.59997,-1.1907,0.63201,-0.7937
ujHNlqpw,1.144,0.92684,1.2557,0.22805,-0.95282
ulV6kuhB,-0.30468,0.079075,0.019577,-0.45001,0.60876
uohEnNEK,-0.4144,-0.0047523,-0.8648,1.0595,-1.1286
v1lhA8I4,-0.34846,-0.221,0.26511,-0.61691,1.4662
v3JzigLI,-0.56754,-0.34992,-0.79647,-0.72877,-0.035786
v5IwjyIg,-0.46019,-0.16003,-0.74257,-0.13665,-0.91438
v6lp5TK1,-0.24454,-0.038224,0.47203,-0.74728,1.2104
v8vOaaWq,-0.21918,-0.53975,-1.029,0.12569,0.11476
vAYKtoil,-0.62195,-0.05613,-0.58257,-0.27202,-0.65577
vGTNQa6G,2.9105,-0.12402,2.1119,1.3931,-0.48644
vQzNxHoL,-0.45551,0.22815,-0.50163,-0.56552,-0.69071
vfZGBUJm,-0.1262,-0.26464,0.029614,0.023909,-0.58099
vlooVUoT,-0.1241,-0.10993,-0.4188,1.0169,-0.9039
vrACvd4O,-0.36239,-0.52431,-0.33969,-0.39151,-0.25219
w8hdjLwb,-0.58129,-0.080905,-0.034287,-0.66224,1.1126
wAntv4gH,0.23176,0.74967,1.7501,-0.67754,0.54797
wIUL09q0,-0.53028,-0.43832,-0.99618,-0.77908,0.00065126
wOzx7Fgz,-0.19511,-0.57954,-0.13223,-0.43845,0.0026777
wPhjhCJQ,-0.51537,0.076085,-0.61995,-0.58749,1.3253
wQSWWmYB,-0.35264,-0.37356,-0.45626,-0.32578,0.55846
wdIMrXwy,2.0357,-0.19176,2.6419,-0.46179,-0.44853
wiL9npQc,-0.59525,-0.18675,-0.57524,-0.74792,0.90323
wnU95Cxn,1.5837,0.67611,2.0568,-0.5372,-0.86999
wpJbbjJs,0.098658,1.1994,1.0471,-0.093269,-0.12378
wsOWTAbI,1.3338,-0.17217,1.0798,1.6266,-0.84407
wtdBcU3U,-0.38077,-0.27047,-0.56603,-0.81057,-0.11672
wuKXVxOc,-0.40368,0.11554,-0.7707,-0.42093,0.48698
wyzadAt8,-0.50433,-0.36628,-0.57851,-0.54402,0.59075
wzaKzYwi,0.029783,-0.37831,0.50748,-0.83077,0.72497
x6GCk4EV,-0.342,0.032191,-0.26802,-0.47538,0.42064
x6lUi3vf,0.0017757,-0.47195,-0.039278,0.4834,-1.1963
x8mwDHv9,-0.32762,-0.561,-0.3197,-0.36271,-0.1538
xIYm6puH,0.84737,0.97139,0.29999,0.9605,-1.2539
xO6UdpsK,0.67429,1.015,0.73158,-0.26192,-1.2894
xQ2bkOvj,-0.52739,-0.46436,-0.52641,0.52825,-0.98797
xeXyDCEQ,2.8609,-0.2056,1.8438,1.2659,-1.258
xrggHziO,-0.27008,-0.32169,0.43909,-0.69863,-0.012919
y1WMCmqQ,-0.50068,-0.38717,-0.62012,-0.49965,0.098684
yDngezhM,-0.20071,-0.26655,-0.53747,-0.69322,-0.32714
yLiFjMD0,-0.37454,-0.23848,-0.0065292,-0.83479,0.74579
ySwEBO7w,-0.63716,-0.11749,-0.5621,-0.29475,-0.8439
ydC9UsSm,-0.1453,-0.51182,-1.0173,0.65837,0.011958
ydEG4VBd,-0.45638,-0.049688,-0.85528,-0.42085,0.63494
yf76yWXc,-0.25358,0.83015,1.165,-0.61208,-0.31481
yg70e63n,-0.5377,-0.11397,-0.6089,-0.20943,-0.39193
ywxtlSKv,-0.50597,-0.44417,-0.75976,-0.51894,-0.14434
yzKPQPOR,-0.54942,-0.80747,-0.47918,0.10896,-0.76409
z5cnOnZ1,-0.30106,-0.36116,-0.35506,-0.4935,-0.57315
zFLkOE0e,0.12524,-0.067073,0.50098,0.42989,-0.92474
zGi72mxL,-0.71204,-0.44486,-0.5558,-0.26891,-0.70848
zN925UV3,-0.37764,-0.10108,-0.63548,0.70362,-0.97695
zTy2ih7e,-0.50034,0.31383,-0.74119,-0.42617,0.74891
zVFzAutw,-0.27179,-0.21518,-0.21369,-0.38866,0.44732
zYxNAkht,-0.50578,-0.35974,-0.63801,-0.73559,0.34145
zaWDBai3,-0.25858,0.48191,-0.23377,-0.13778,1.3663
zg3u0Zsx,-0.37422,0.4121,-0.23063,0.06545,-0.0025313
zlwLfdsS,-0.50335,-0.63992,-0.68766,1.516,-1.1096
zmbKzVfl,-0.24094,0.11834,-1.3372,0.27435,0.13364
