PIDN,Ca,P,pH,SOC,Sand
09gt9UK5,-0.59985,-0.29333,-1.2266,-0.6675,1.1227
0BVvxJ6a,0.29329,0.087469,0.68846,0.2897,-0.76665
0KbdgApg,-0.034751,-0.18773,-0.10987,0.1344,-0.93937
0MnuuduB,-0.37025,0.097482,-0.45195,0.718,-0.86685
0PcIsF9z,-0.037272,-0.44005,-0.99644,0.12786,-0.27025
0ShTFLYJ,-0.4717,-0.58217,-0.70343,-0.97049,0.021798
0XZh9jka,-0.41797,-0.014001,-0.61487,0.77383,-0.93952
0Y7Wegri,-0.2306,0.26115,0.623,-0.12454,0.55737
0dTqplIM,0.053504,-0.12244,0.24186,0.25763,-1.027
0lNiZicC,-0.31159,0.041201,-0.73816,-0.41286,-0.1999
0rGeJ0QN,-0.26901,0.071655,-0.38934,0.22753,0.068162
0sXI9ytQ,-0.51894,0.052528,-0.46473,-0.78462,1.701
0ukt4aP6,0.62465,0.35839,1.4606,-0.667,-0.068553
1AGspb8f,-0.46742,-0.70765,-1.4156,0.54677,-0.8443
1Csy0gvE,-0.40117,-0.26684,-0.37228,-0.59576,0.57308
1Ic2hly1,-0.35834,0.35698,0.12015,-0.15716,0.27527
1PPbaTwt,-0.23665,-0.28028,-0.41092,-0.55742,0.24824
1SO5VJNy,-0.37261,-0.023718,0.10775,-0.49211,0.65076
1arHxK3Y,1.1331,0.62006,1.271,0.47622,-0.64849
1fCW4Bba,-0.33132,0.048619,0.18758,-0.3405,0.42248
1qDZNvIm,-0.51553,-0.052156,-0.25407,-0.73477,1.3184
28LYJC2V,-0.47693,-0.27583,-0.94339,0.7395,-0.32115
2CzACvQq,0.4477,0.51508,1.3618,-0.45665,-0.54114
2FT3crfv,-0.32867,-0.23207,-0.22005,0.1017,-0.72943
2Fy2uHVg,-0.55722,-0.06138,-0.43303,-0.5438,-0.39168
2MkMEApm,-0.3037,0.21731,0.18108,-0.64476,0.53863
2NDGWEOe,0.56273,1.2165,1.7395,-0.64235,-0.48245
2NyyCiqn,-0.38495,-0.042714,-0.1745,-0.45091,0.58431
2QRzIb84,0.65705,1.0103,2.1778,-0.2667,0.10819
2QcbdrUZ,-0.37649,-0.30339,-0.040529,-0.36734,0.39678
2YgAimWK,-0.30677,0.25147,0.45133,-0.54831,0.6299
2cx85d9H,0.27656,-0.37692,-0.027746,0.23239,-1.0032
2homMXMV,-0.23326,0.046216,-0.77118,0.16469,0.40066
2ldLrUtq,-0.34097,-0.39234,-0.3099,-0.47235,-0.31484
2nsACW6G,-0.13355,-0.16034,-0.56378,1.2148,-1.1051
2yMbVnWc,0.06287,0.30802,-1.0847,1.698,0.050298
36r8sgGQ,-0.41945,-0.25368,-0.13221,-0.72564,0.73559
3NXAXCl3,-0.38228,-0.58756,-0.77035,0.32414,-1.0676
3QG0z6fl,-0.44386,-0.26504,-0.78813,-0.34964,0.15419
3WS8R9qm,-0.24873,-0.26727,-0.58899,1.7492,-1.2036
3fRLm8f5,-0.32173,-0.3782,-1.0432,0.098032,0.55154
3mZhp1nQ,-0.54118,-0.31654,-0.41089,-0.57346,0.39669
3pikJXRL,-0.38257,-0.18438,-0.72814,0.36465,-0.98411
3pxOEGHL,-0.53254,-0.30599,-0.53121,-0.67578,0.72799
3ttdV3f5,-0.41046,-0.16379,-0.25308,-0.39799,-0.40438
3v4X6Mfe,0.6948,0.27994,1.486,-0.70053,-0.021231
3wORuPiv,-0.67155,-0.42625,-0.65458,-0.37333,-0.73132
43EfrxZj,0.069103,0.13165,0.024079,0.59235,-0.64038
457Vwm21,0.084368,0.22969,0.58971,0.347,-0.24201
46KNnOdx,-0.366,0.42095,-1.3367,-0.061244,-0.0022922
47TwNsVC,-0.39152,-0.58769,-0.95585,0.88243,-1.1939
49856RpO,-0.36784,-0.37461,-0.83139,-0.59055,-0.97555
4Ane1o2N,-0.43044,-0.74872,-0.47418,-0.45318,-0.1529
4AyVUgSc,-0.40798,-0.32453,-0.69114,-0.68174,-0.44334
4B1951On,-0.19052,0.094256,-0.12817,-0.36945,0.11337
4OL39Teo,0.022859,0.64174,0.044118,0.59894,-0.39949
4eQ90eLY,-0.26926,0.010703,-0.12987,0.44047,-0.39109
4o5jwMj8,-0.25278,-0.16996,-0.44608,-0.61364,0.23662
4vPgpl2c,-0.31771,-0.3823,-0.36163,-0.6849,0.76665
51r9aA0d,-0.36283,-0.2776,-0.58565,-0.82701,-0.5003
58SmeRoP,0.056232,0.27345,-0.081633,-0.00033981,-0.37676
5HJp1AXn,-0.4607,-0.23093,-0.64936,0.82287,-0.2549
5MBZW7fx,-0.24356,0.35079,0.9507,-0.49961,-0.090587
5Nq3gHaP,0.37316,1.2862,0.377,1.1574,-0.38978
5RmwFFK3,0.75148,0.5972,0.42399,0.32772,-1.1975
5Tu5Jbov,-0.61373,0.083542,-0.61853,-0.2291,-0.39193
5YEolkev,-0.36964,-0.44752,-0.11338,-0.49682,-0.43823
5a8sf6QV,-0.0071691,-0.18589,0.31919,0.024277,-0.80501
5eSvmqYm,-0.45917,-0.2266,-0.25383,-0.59225,-0.19973
5hkN8fiv,-0.25609,-0.45933,-0.9868,0.77289,-0.95988
5oK8Gti5,-0.62859,-0.35025,-0.61087,-0.70859,1.4135
5paniGaU,-0.60525,0.022438,-0.92714,-0.80419,1.5977
5vsr7ZUP,0.63072,-0.24933,0.97975,-0.12585,-0.77512
60B4xMWI,-0.33384,0.61642,1.1919,-0.92074,0.6639
64jOUtKy,0.39839,1.0187,0.14257,1.6776,-0.87141
6AJo4xNG,-0.20015,0.26555,0.091657,0.15867,0.050907
6CAvhEte,-0.33209,-0.2195,-0.61157,-0.47913,0.27822
6CuGYjT5,2.4053,-0.27512,1.8567,0.65936,-1.368
6DGH8ujZ,-0.30994,-0.20719,-1.0418,0.11667,-0.64059
6PzsGdVm,-0.22997,-0.2964,-0.74782,0.29272,-0.56715
6UcSJMbq,0.13352,0.30393,0.8692,-0.91469,0.10703
6WJbkH8U,1.0989,-0.21212,1.5177,-0.27623,-0.97381
6eUWsVzw,0.19909,-0.12541,0.95479,-0.067106,-0.65896
6gNyO7Do,0.22396,-0.20117,0.12811,0.40986,-0.92341
6jT0AyHe,-0.075839,-0.38169,0.20432,0.26978,-1.0545
6nBgCvWu,-0.45681,-0.19653,-0.066672,-0.49559,0.77062
6ro5mqg6,-0.34627,-0.39089,-0.29361,-0.49981,0.31424
6sGqObX4,-0.72306,-0.17839,-0.59668,-0.28893,-0.54477
6uEGy0n4,1.7208,-0.087451,1.8874,-0.20255,-1.0859
7BZ4LxP8,-0.01297,-0.45858,0.26922,-0.20368,-0.61926
7CmigXKi,-0.32487,-0.085533,-0.76932,-0.59425,0.086769
7Ga0LpfR,1.0592,1.5935,-0.0054977,2.2149,-1.0574
7PQsFvsG,-0.26745,-0.39322,-1.3176,1.0146,-0.61473
7aF7nnwn,-0.55666,-0.33668,-0.69829,-0.86606,0.59472
7asGzfX9,-0.20497,-0.11891,-0.041993,-0.2323,-0.1017
7cg7C92o,-0.079764,1.5834,0.40102,0.74034,0.096217
7eOxTpsB,-0.3477,0.23363,0.56312,-0.63482,1.1787
7ey0v7ma,-0.40895,-0.60474,-0.56562,0.24015,-1.1044
7gocyrYl,-0.27885,-0.11594,-0.47036,0.90292,-0.14598
7gqR3GoA,-0.4661,-0.52153,-0.68753,-0.39258,-0.4724
7og7aUXB,-0.35807,-0.084976,0.10018,-0.20599,-0.34754
7onRfa8F,0.088111,0.14919,0.22828,-0.32671,0.62793
7umkNuxM,-0.2454,-0.49049,-0.20857,0.15198,-0.51817
7vPr9ExD,0.027081,-0.034812,0.18848,0.061804,-0.82607
7zNjpCzu,-0.40879,-0.20141,-0.33874,-0.18279,-0.65908
7ztsQNj3,-0.58378,0.0093674,-0.50986,-0.22055,-0.38684
86gppwMI,-0.46324,0.12831,-0.699,-0.40934,0.89559
88thAGdL,-0.33555,0.063281,-0.24732,-0.36899,-0.22245
8GhU8STP,1.252,0.44367,1.3863,0.34503,-1.1257
8NlzDcWe,-0.393,-0.36367,-0.84597,-0.61739,-0.23667
8QAejdLW,-0.10029,-0.15726,-0.2221,0.17601,-1.0372
8RDeFxWM,-0.42809,-0.09755,-0.18823,-0.66281,1.2463
8UXP2NBS,-0.27734,-0.29983,-0.11003,-0.43195,0.49363
8ZoV3KGT,-0.24056,-0.23789,0.026328,-0.28463,-0.45791
8ajs2uG8,-0.44652,-0.14754,-0.80699,-0.2953,-0.45319
8bXnz62p,-0.24197,1.0815,0.45889,0.24409,0.65679
8nO1O1LG,1.9428,0.52676,1.3726,1.5286,-0.9901
8xE1p8g8,-0.48861,-0.044182,-0.51791,-0.37758,-0.15742
8yMDVMRM,-0.47875,-0.2215,-1.069,-0.57029,-0.71614
98R5VaPi,0.74519,0.23272,2.1875,-0.67928,0.74898
9DcTz2Ua,2.6027,-0.07033,2.0239,0.93491,-1.0765
9G7nfUrK,-0.29251,-0.27463,-0.19093,-0.41477,0.29362
9O6GZ1HT,-0.11831,0.46905,1.0061,-0.71622,-0.51074
9S7fCoAM,-0.3983,-0.2542,-0.034263,-0.39993,0.46326
9iQwmFJR,-0.31748,-0.36102,-0.16661,-0.63841,0.1521
A3Mt6SAQ,1.1786,0.056313,2.4485,-1.2137,0.50934
AJIsQIcV,-0.3473,-0.16126,-0.66705,-0.45024,0.43603
AMHKXMh8,1.7463,0.29056,1.8149,-0.09827,-0.94032
ASwA2J4E,-0.32501,0.035168,0.13776,-0.43186,0.63622
AaFvEoHq,-0.46383,0.3067,0.66075,-1.0118,0.9607
AiIPD6hX,-0.46155,-0.23064,-0.53984,0.44256,-0.36975
AsIURvJS,-0.60075,-0.37149,-0.81196,0.6595,-0.87412
AsvgbJ0C,-0.13461,-0.21455,-0.63598,0.65023,-0.15467
AxEhbkCM,-0.3887,0.50489,-0.49209,-0.56471,-0.34231
B7VPkIpx,-0.53418,0.46384,0.82327,-0.78223,0.84544
BBwHqHiH,-0.075984,-0.30479,-0.03413,0.00097508,-0.94966
BMyps8hr,-0.30167,-0.35844,-0.30931,-0.12812,-0.40203
BUHS4dQw,0.47723,0.39238,-0.061781,3.0953,-0.7441
BZB3EYWQ,-0.29531,-0.064292,0.036719,-0.42959,0.64299
C5UPCZcL,3.3265,-0.22608,2.0999,0.83169,-1.1673
C5gIfQbJ,-0.35827,-0.16194,-0.92285,1.4819,-1.1058
CDRuu4Pn,-0.48055,-0.38409,-0.26823,-0.78776,1.0564
CQhTYkqE,0.29439,0.12303,0.55931,0.30618,-0.93614
CSEobMXv,-0.30194,-0.044323,-0.64583,0.96915,-0.8084
CYMQE4x0,0.06181,0.72452,1.2793,-0.28237,0.74071
ChQdtl4J,-0.44995,-0.30343,-0.091664,-0.52797,0.30698
ChnD1nrN,-0.35733,-0.31464,-0.62477,-0.57578,-0.46752
CvtbbIcq,1.1695,0.41644,1.6117,-0.028036,-0.23776
Cxk06b77,-0.34256,0.82263,0.66017,-0.00079015,0.11179
D3QD3ZEJ,-0.20458,-0.23009,-0.13991,0.50574,-0.13215
D8J5C6lA,0.52702,1.1944,1.0534,-0.010212,-0.88039
DCeQwYfT,-0.095667,-0.13065,0.021768,0.14865,-0.52462
DDEftkx3,-0.56676,-0.078118,-0.7892,-0.70548,1.27
DEwCfeDW,-0.46363,0.71586,-0.056914,0.10736,0.75059
DMkIV4oL,-0.50323,-0.25519,-0.66007,-0.72746,0.84218
DnzGfbxS,-0.21582,-0.1667,-0.029714,-0.0027988,-0.65128
DoZxo6f6,-0.33218,-0.040271,-0.08581,-0.67637,0.6772
DvhBPGIk,-0.5878,-0.55812,-0.47807,-0.52869,-0.34705
Dx7GoUcT,-0.49455,-0.24316,-0.095276,-0.6279,0.87488
E5hIjohO,0.26255,-0.39844,0.38093,0.9315,-1.4791
E6x4XGHt,-0.69514,-0.22724,-0.72218,-0.73439,1.2491
EDEpAzh1,-0.53776,-0.1468,-0.51298,-0.2801,-0.44667
ETGudkQt,-0.31491,0.42222,0.26823,-0.49065,0.29466
EUleKrLJ,2.0832,0.067892,1.7992,0.80052,-0.85553
Ehw2Jz6s,-0.39971,0.16422,-0.58237,-0.51318,0.073046
EjqzC4zH,-0.6204,-0.0085852,0.42805,-0.8805,0.60239
EkMZO3Qj,-0.38295,0.76419,0.23411,-0.62003,0.53983
EnoNXWvU,0.11214,0.38666,0.96304,-0.95002,-0.015031
Epv8ANwr,-0.37084,-0.4861,-0.42817,0.33546,-0.1665
Etro9j0B,-0.087341,2.0108,0.45893,-0.031976,-0.056098
F3MIZj76,-0.13692,-0.054034,-1.0623,0.20666,-0.99257
FB8tU00K,-0.52346,-0.32363,-1.0509,0.57362,-0.28948
FLhxBGMK,0.025367,0.076261,0.36448,-0.037009,-0.83846
FRreR8ka,-0.44222,-0.32838,-0.38662,-0.25761,0.23588
FXne4oAV,0.44493,1.0565,0.95133,-0.28743,-0.89476
FaW764jk,-0.36068,0.98273,0.79052,-0.24859,0.50506
FeAbMXly,-0.62771,-0.34315,-0.88571,-0.60476,0.81163
FeudaFXn,1.7457,-0.33799,1.8846,-0.36423,-1.0174
FldUmFeM,1.6524,-0.19243,1.9838,-0.83616,-0.064304
Fnv5tfAm,-0.73386,0.042642,-0.6429,-0.19265,-0.50245
FvrAd3Or,-0.1881,-0.11057,0.81538,-0.92822,0.54375
G48zHffi,0.11601,0.4341,1.3079,-0.78554,0.55896
G76zCv5N,-0.45499,-0.44601,-0.64227,-0.44143,-0.34955
G7JGUdNf,0.14781,-0.39534,0.25728,-0.016205,-0.95174
GCo6MONx,1.1293,-0.13593,1.0648,0.4815,-1.0139
GE0vbpVQ,-0.32954,-0.053023,0.18712,-0.68048,0.82334
GN0DfOqt,-0.32258,-0.45267,-0.20778,-0.55699,0.22023
GNsTAb1v,-0.55641,0.15429,-0.5637,-0.24801,-0.72605
GPwmO21z,-0.46239,-0.57819,-0.50898,-0.081496,-0.45683
GQYpfLoh,0.88289,0.30357,0.22451,0.54218,-1.1711
GR9knT8n,-0.25346,-0.3772,-1.1951,0.88713,-0.65352
GXtFFbZy,0.37013,0.46152,0.50922,0.023707,-0.21053
GYvzvvFD,-0.46475,0.30182,-1.2561,-0.2468,0.35729
GemPjTJ9,-0.23639,-0.2705,-0.89473,0.46022,-0.74582
GkLYRm1K,1.7955,0.0589,1.8836,-0.29215,-1.1923
GmlqP8eI,-0.46458,-0.38038,-1.0057,-0.64393,-0.78025
GqkIrOvf,-0.30684,-0.23547,-0.93862,1.1493,-0.87197
H0fsegPi,-0.53583,-0.21814,-0.42605,-0.55522,0.52693
H4dHpJjU,2.0955,0.10113,1.7074,0.89765,-0.99621
H5QwJCuU,2.163,1.8029,2.1583,0.82034,-0.7969
H5uwmSZ0,-0.50851,-0.13021,-0.5025,-0.75337,0.49537
H8MtbVoL,-0.16375,-0.10529,-0.081435,-0.32474,-0.59705
H9JrUYnp,-0.35227,-0.23041,-0.22763,-0.14323,0.24604
HHYmmHVk,-0.53537,-0.23606,-0.46883,-0.80949,1.3344
HJ5U4uqL,-0.53847,-0.22005,-1.3703,-0.49487,-0.40373
HNQxYc4w,-0.30188,-0.36138,-0.34235,-0.50198,-0.0055172
HQYhKHZ8,-0.50057,-0.16474,-0.80248,-0.52285,-0.39365
HSCMx0MC,-0.45664,0.07447,-0.22281,-0.63682,1.141
HXYuE0fx,2.3815,-0.28564,1.9034,0.34551,-1.1519
HdKcxEWr,0.075785,1.0903,0.81105,0.64429,-0.26482
HecW1iCC,-0.65117,-0.26911,-0.49562,-0.49544,-0.62139
HpbKB8rv,-0.26258,-0.18924,-0.84277,0.64468,-1.1363
HrkoYjCg,-0.058439,0.92122,-0.27559,1.3997,-0.77015
I5P2uquT,-0.30897,-0.046727,-0.041141,-0.37788,0.34497
I94qkDM7,-0.47833,0.2094,-1.0544,-0.28749,0.44848
I9sQbtt8,-0.18555,0.15322,-0.86482,1.7391,-1.1008
IFxgw6ZX,-0.64163,-0.30355,-0.29476,-0.57624,-0.23333
IPPPSyoU,-0.49526,-0.43333,-1.1058,0.065933,-0.7927
IQOYQubU,1.8376,-0.22638,1.6317,0.2701,-0.95742
IYNE2SxU,-0.56052,-0.083743,-0.46911,-0.0017621,-0.44774
IZRFk9kN,-0.24562,-0.031508,0.16683,-0.25177,-0.13811
Iaq3v0t3,1.3671,0.10568,2.4352,-1.0467,0.27562
IbVwu1t6,-0.33683,-0.3783,-1.0544,-0.17809,-0.68037
IcHKTLyo,0.17677,-0.12983,0.013638,0.082332,-1.0165
IpW80wVB,-0.093093,-0.37756,-0.3962,-0.038628,-0.34679
Itb0PYUV,1.8742,0.015812,1.5652,1.0274,-1.1144
J8fpSwS0,-0.5115,0.14299,0.60751,-0.9239,1.1156
JE1SlbD0,0.71679,1.1071,0.49613,2.2522,-1.1856
JEB4McNb,1.0439,-0.10686,1.4256,-0.24486,-1.0155
JEE4QVeQ,0.0094896,-0.22453,-0.16447,-0.22791,-0.77504
JJSEU2VQ,-0.53117,-0.19824,-0.6269,-0.6056,0.85377
JSsVriP2,0.11085,-0.3062,0.94267,-0.76744,-0.011822
JUvQNiOK,-0.04942,0.50783,0.75868,-0.4246,0.47065
JZbrRtm2,0.22295,0.19991,1.4417,-0.85032,-0.31489
JcE9G92B,0.013946,0.10714,-0.064947,1.1255,-0.58931
JnNYpXHr,0.54902,2.0477,0.16064,2.1585,-0.74967
JzpbnOtz,-0.47285,0.3618,0.090068,-0.57708,1.0419
JzzUhPQp,1.7776,0.80904,1.9228,-0.18418,-1.2719
K05R8dQK,-0.38148,-0.30286,-0.78167,0.66329,-0.5471
K17pG2mG,-0.21793,-0.19692,0.42738,-0.78606,0.884
K8BellUe,-0.054847,-0.70338,0.20449,-0.16915,-1.2164
KJ2eH6rr,-0.094856,0.057068,0.067444,-0.22151,-0.57891
KJEJ6Glk,0.5997,0.61137,0.43307,1.6077,-1.2409
KSbO0oXS,0.39393,1.165,0.12792,1.969,-1.092
KXtvmd01,-0.38323,-0.38797,-0.2744,-0.52326,0.16717
KYiJqBuJ,0.089791,-0.39916,0.65305,-0.4671,-0.67149
KmbAyTcE,-0.21564,0.094667,-0.024986,-0.34345,-0.27019
KnNyl3rV,-0.08232,-0.12845,1.3133,-0.34298,0.83375
Kp2DG8TZ,-0.59462,0.3269,0.61661,-0.83115,1.1718
KqQtKWs5,-0.54047,-0.29772,-0.80722,-0.54371,-0.1585
Ku27g63R,2.7134,0.35355,2.1653,0.50993,-0.65062
L2aTVqDq,-0.41837,-0.43512,-1.1945,0.77102,-0.77874
L5jvq6G4,-0.52115,-0.24324,-0.64341,-0.65863,0.24609
L91hYVQl,-0.53525,-0.30301,-0.71736,-0.93551,-0.29187
LINAMlbA,-0.25051,-0.025738,-1.1402,0.090731,0.30949
LJoUNXSx,-0.29682,-0.038882,-1.2522,0.1404,-0.63871
LLtSiyWD,-0.59961,-0.32294,-0.67786,-0.43418,-0.10887
LQJtV8kn,-0.048243,-0.061287,0.45393,-0.17837,-1.0408
LW9uddw7,-0.31943,-0.40594,-0.56225,0.87638,-1.2898
LZ6sdBTR,0.95033,0.38945,1.0641,0.25167,-0.75785
La2Vhnne,0.4503,0.061742,0.45051,1.5282,-0.54648
LaUWSq9B,-0.02963,-0.2328,0.26704,0.062935,-0.70035
Lk4SfkPQ,-0.61758,-0.47649,-0.81383,-0.14815,-0.80459
LllC836d,-0.12762,0.08659,-0.50063,0.66246,-0.29859
LuGiGeWN,-0.4145,0.20268,-0.88177,-0.1802,0.60717
LzcyHcWa,-0.49888,-0.10861,-0.50186,-0.60416,0.93602
M7veP0H4,-0.3597,0.25791,-0.08978,-0.26411,0.76619
MB8aaJUc,0.043299,0.48921,-1.0538,1.0947,-0.15705
MDpe2zuy,-0.53926,-0.20462,-0.46993,-0.43068,-0.5409
MEzdmEIU,-0.40224,-0.29817,-0.29225,-0.41002,0.057376
MVnhtivm,-0.34887,-0.45501,-0.57444,-0.27119,-0.59339
MYU7WDis,-0.63265,0.18979,0.83542,-0.95743,0.87017
MZFqh6yw,1.9319,0.588,2.2137,-0.1137,-0.095102
Mdgy4SsO,0.95264,0.82615,0.29518,1.5562,-1.3031
Mj8awnzy,-0.36231,-0.1016,0.30281,-0.71793,1.2985
MpFPbUJy,1.89,0.39366,1.5968,0.83518,-1.1137
Mqk7MFBM,-0.26473,0.49716,0.48842,-0.65002,0.53729
Mqs2t1Eo,-0.59194,-0.15091,-0.59314,-0.096888,-0.29489
Mv3jFVxp,-0.32617,-0.27127,-0.052211,-0.25672,0.32765
MxODTXvA,0.080817,0.088723,0.3156,0.16654,-0.91439
N46PbpPM,-0.40082,-0.19991,0.12433,-0.64035,1.6116
N5S5F9Gk,-0.43497,0.43565,-1.0618,-0.11877,0.78366
NLDg5fqw,0.19188,-0.27107,0.15516,-0.32144,-0.015001
NOho2ZiM,2.5612,-0.22339,1.9276,0.64024,-1.2913
NUuY7PFU,1.9717,0.30589,1.497,1.297,-1.3302
NV1e8AEO,-0.40364,0.067575,-0.13823,-0.49725,1.182
NZLXROKC,0.049666,0.12723,0.26642,0.50243,-0.83487
NaJo7C6o,0.32172,0.30391,1.0801,0.099829,0.11712
NgsyGkrO,0.18213,-0.20079,0.51208,0.57771,-1.217
NjOx4Zpo,-0.43352,-0.34779,-1.1926,1.4608,-1.0518
NmQoI7x0,1.641,0.60114,1.876,-0.65675,-0.13876
No4wkdLS,-0.34011,-0.10945,-0.73153,-0.56756,-0.26234
NouMwhOf,-0.41723,-0.42408,0.083037,-0.32906,-0.58156
O6YAWd8C,-0.032754,-0.32138,-0.10897,-0.13587,-0.988
OAXVphSh,1.5814,-0.2515,1.6309,-0.20381,-0.042125
OJBBhb6Q,-0.48534,-0.41663,-0.35043,-0.82111,1.3181
OSIQXImL,0.19343,-0.24856,0.70457,0.1103,-1.3126
OUUFc5Zz,-0.444,-0.27176,-0.038414,-0.73716,0.73565
OVk1lquT,0.34934,1.5918,0.23961,1.6688,-0.10413
OXdRxjzz,-0.19852,-0.44181,-0.75558,0.26289,-0.8242
OXxW2ekf,-0.43001,-0.35743,-0.2904,-0.80407,0.023947
OXz5OpqR,-0.31125,1.0752,1.141,-0.38255,0.41239
OcBFW1AX,-0.13599,0.41358,-1.1115,0.22976,0.46512
Of9V2rpt,-0.023971,-0.045228,0.2075,0.014446,-0.47588
OfLxPhbG,-0.33217,0.072142,-0.12978,-0.26985,0.85608
Ojx2vi48,-0.48,-0.32741,-0.69429,-0.73211,0.17751
P3M32iuT,-0.64265,-0.35508,-0.83396,-0.91419,-0.066006
P7olVzrO,-0.11358,-0.033864,-0.1966,-0.24521,0.3923
PAPHErnv,-0.33335,-0.026447,-1.1127,-0.051573,-0.56242
PBjEtfXb,-0.4414,0.099288,-0.3372,-0.44405,0.46504
PZGpoBBj,1.7394,-0.074076,1.9542,-0.23827,-1.0826
Pc2RrxXS,-0.32469,-0.58752,-0.30619,-0.51874,-0.19462
PcHQ4FOu,-0.47638,0.16614,-0.47613,-0.18571,-0.016652
PeNyTOVN,-0.28922,0.28963,-0.10337,-0.086949,0.28127
PhUPSU53,-0.51836,-0.30942,-0.56238,-0.24134,-0.18752
PmUNeV2O,-0.30928,-0.32075,-0.96034,-0.62535,-0.33654
PoDJ0uvK,1.6713,0.57171,1.8588,0.25879,-0.459
PsUJdJdg,-0.33515,-0.18815,-0.33174,0.82113,-0.45154
Q3xLFx1f,-0.32243,-0.21206,-0.87418,-0.17501,-0.33914
QBGxCvdM,-0.024157,-0.3464,0.099852,-0.14633,-0.93012
QCEPyu6L,-0.50782,-0.42369,-1.0483,0.31208,-0.5962
QEfwec4s,3.3113,0.10666,1.99,1.8979,-0.82306
QZ87Nnr3,-0.43681,-0.18608,-0.21384,-0.53491,0.64632
QlyGN9jv,-0.52937,-0.1991,-0.51639,-0.31264,0.35844
QqgWE1ny,-0.43107,0.080707,-0.38651,0.06353,-0.56521
QrjjBpZd,-0.30423,-0.12514,-0.84571,1.413,-0.85749
QsaBiX7V,-0.40293,-0.0065288,-0.15615,-0.098954,-0.070237
QtBKJuZk,-0.37748,-0.15955,-0.19529,-0.53985,0.63719
QtPRO8OJ,-0.42272,0.065831,-0.93008,-0.3846,0.53752
R8XcsFnp,-0.34172,0.26364,-0.14489,-0.44466,1.4701
RROfRt9z,-0.38097,-0.37654,-0.028799,-0.019066,-0.89718
RTcbiDGq,-0.40736,-0.34972,-0.58305,-0.41482,-0.16949
RVidM9g0,-0.03459,0.52642,1.527,-0.88104,0.94504
RZnQSH19,-0.49566,-0.29578,-0.43364,-0.64608,0.79635
Rc4UK7fT,-0.5457,-0.069036,-1.05,-0.37516,0.49557
RcKBKh6B,-0.38761,0.083358,-0.43504,-0.42761,0.37455
ReM5kDa5,-0.042529,-0.1193,0.093845,0.035287,-0.84364
RfntsotG,-0.44082,-0.3009,-0.47816,-0.65533,0.4179
RiXMlzXD,-0.29104,-0.28495,-0.1515,-0.55322,-0.56581
Rik83O3m,-0.41738,-0.0072459,-0.51282,-0.2518,-0.31843
S3PCzDzO,-0.36847,0.080804,0.73687,-0.77889,0.2881
S77BviOJ,-0.47234,0.15763,-0.50154,-0.22902,0.078563
SDdvtktF,-0.34913,-0.22654,-0.62756,-0.14748,-0.73035
SHs1AyfM,-0.31742,0.17305,-0.22685,-0.46737,1.0107
SO4zQy9k,-0.44611,-0.26983,-0.33142,-0.61105,0.53271
SOOBCoiG,-0.45445,-0.44574,0.057718,-0.58595,0.81328
SXkkPB7A,-0.34628,0.21804,0.46952,-0.56349,1.1036
Sa93dGqq,-0.24228,0.32757,-1.095,0.42169,0.56008
SonIG72a,-0.44816,-0.034333,-0.43332,-0.16936,0.42026
Suf6hIBc,-0.34069,-0.04363,0.17034,-0.49381,0.73699
Sx2JeSRz,0.18754,0.09973,0.51755,0.54711,-0.44565
T1Tlftr4,-0.26652,0.34025,0.93682,-0.76674,1.2235
T7ulR4ci,-0.51387,-0.21149,-0.059096,-0.86239,0.9236
TA1NB3Br,-0.33654,0.045363,0.050988,-0.39496,0.58698
TFZUskaK,-0.09647,-0.19959,0.21829,-0.21869,-0.73308
TNL8HGWZ,-0.034654,-0.2182,-0.047131,-0.18614,-0.92476
TZ8z1GSF,-0.47646,0.081829,-0.61999,-0.43304,0.15539
TqhRvkJJ,1.1512,-0.33301,1.4872,-0.6134,-0.39858
TtJCUiY4,-0.48913,0.013638,0.032209,-0.94721,1.3143
TwDq0lua,-0.040387,0.191,0.48652,0.2556,-0.44668
Tzyf02sI,-0.28166,0.19296,0.31159,-0.46364,0.90354
U3yI6ZS5,3.1428,-0.026842,1.9483,1.6457,-1.0928
UBLnXZAN,-0.090131,0.063853,-0.88243,2.532,-0.64838
UBWDzleg,-0.39057,-0.59697,-1.4365,0.96774,-0.90705
UBqkX6SY,1.593,0.11112,1.7678,-0.053858,-1.0433
UCIAi1Aj,-0.065071,-0.35806,-0.67756,0.08989,-0.70999
UPbXGvCS,0.087511,-0.42723,0.12645,-0.0052184,-1.0139
UeWm1l9F,-0.28729,-0.38226,-0.96743,0.9365,-0.51737
UhucscY7,-0.45826,-0.13553,-0.6605,-0.34285,-0.56133
Uri1SvHV,-0.021043,-0.32743,-0.014101,-0.04723,-1.1109
UzxipGJS,-0.58213,-0.35116,-0.53905,-0.50518,0.36953
V74zfaAQ,-0.15539,-0.27688,-0.26992,0.037334,-1.0605
VBPxBLTh,2.0492,0.12061,1.6724,0.72631,-1.1719
VLG7CXYS,-0.24682,0.017795,0.04493,-0.1253,0.42991
VNk52SpF,-0.32148,-0.4516,-0.96866,1.2341,-1.3424
VOREKsok,-0.51425,0.1188,-0.57879,-0.77647,1.6745
VRhTr5pX,-0.37605,-0.69517,-0.27013,-0.64293,-0.22495
VTcG4Kcw,-0.29899,0.40379,0.8047,-0.51111,0.86452
VeKiWSbS,-0.36208,-0.011248,-0.1318,-0.38213,0.43958
VnU8nJHU,-0.43871,-0.15886,-0.11561,-0.40317,-0.081155
VueNCxYv,-0.45685,-0.22735,-0.25585,-0.16643,0.40346
VxuQTRUl,-0.43719,-0.1671,-0.25582,-0.40782,-0.22889
W5lgaocA,1.5068,0.53684,2.485,-0.42295,0.079895
W5mMq9Ef,-0.43925,-0.27947,-0.76847,0.3631,0.21522
WDhNqFpS,0.007556,-0.2694,-0.24218,1.1617,-1.5319
WE6n1kZi,-0.37632,-0.40665,-1.2605,0.2989,-0.73165
WFk6r3vA,-0.5732,0.15796,-0.42249,-0.33456,0.0071147
WFyIrsUR,-0.57708,-0.86649,-0.61844,0.68054,-0.87247
WG6ZAsqR,-0.58194,-0.070687,-0.81161,-0.77799,1.257
WMq3CZQk,-0.47971,-0.50559,-1.2404,0.77459,-1.2162
WRskmGjh,-0.57689,-0.15411,-0.4246,-0.46517,-0.482
WXijSglj,-0.3656,-0.34564,-0.90845,-0.54455,-0.81064
Wc0stQgu,-0.31825,-0.38804,-0.90418,0.31212,-1.0819
WewoSCUB,-0.50279,-0.42074,-0.95795,-0.69808,0.066531
WuHuhHWJ,-0.29424,-0.2106,0.18769,-0.57313,0.82815
Wv7EBtZb,1.1706,0.97899,1.5095,0.16058,-1.0681
WyPlxDn0,-0.51297,-0.093636,-0.22539,-0.61095,0.86539
X3WqoSNN,2.0956,-0.2646,1.5921,0.63755,-1.3119
XDhyP9KB,-0.64456,-0.21435,-0.68681,-0.20598,-0.5571
XQxhDRMG,-0.24191,0.041173,-0.90121,-0.16475,0.40111
XjLNAwxW,-0.15637,-0.48591,-0.27739,0.21585,-1.4008
XjfVQbXd,0.25262,0.95037,1.8286,-0.51928,-0.48386
Xovczbf6,-0.56072,0.03881,-0.77947,-0.76945,1.7014
Y8H4onBf,-0.59891,-0.33439,-0.60108,-0.59148,-0.26548
Y8YgzSZ9,1.636,1.333,1.6447,0.85217,-0.54469
YC4PNV20,-0.50133,-0.21767,-0.15433,-0.55217,0.84204
YDHSCRdd,3.5269,-0.034643,1.9471,2.118,-0.6896
YIJ87aME,-0.44367,6.5136e-05,-0.14177,-0.30547,0.10666
YKvT4dFv,-0.39819,-0.54065,-0.49096,-0.11226,0.13753
YNebALR2,-0.362,0.2253,-1.1065,-0.34137,0.35807
YNrnqFyb,-0.053594,0.21581,0.06419,-0.081894,0.0010756
YUZ4lR3m,-0.45574,0.066253,-0.13688,-0.43587,0.35198
YYLvjoVC,-0.17148,0.41081,0.31064,-0.22632,-0.099439
Yb8OtMb2,0.15829,-0.23382,0.36646,0.16758,-0.97553
Ycg4lTYw,-0.14341,-0.11489,-0.63699,0.44658,-1.0686
Yfk6tekH,0.21906,0.46543,1.121,-0.59437,-0.7678
YoSfgmR6,-0.51725,0.22805,-0.54502,-0.1,-0.012558
YpzFvexy,-0.29789,-0.37078,-0.78215,-0.066193,-0.36405
Yxqppfa3,-0.24598,-0.13163,0.029646,0.057025,-0.72803
Z16jTUvP,-0.41508,-0.31464,-0.46698,0.057187,-0.012599
Z2BdCCbJ,-0.35569,-0.031259,-0.061839,-0.42907,0.87892
Z2JJMM6V,-0.087269,0.042538,0.13655,-0.016415,0.40289
Z5jE1OB5,-0.39745,-0.012408,-0.11256,-0.1987,0.38237
ZFsIqYxA,-0.16259,0.12538,-0.41858,-0.16677,-0.12431
ZHDVsoRh,-0.49176,-0.42667,-0.68763,-0.32314,-0.39362
ZSmfu2Fc,-0.67322,-0.51403,-0.85754,-0.086293,0.098948
ZU8YXF3H,-0.56581,0.092927,-0.61653,-0.79067,1.6432
ZXKaNy6Z,-0.44963,-0.22708,-1.0293,-0.51729,0.66654
ZbYLo0zK,-0.14745,-0.27338,-0.17837,-0.64545,-0.034135
ZedN8Gcn,-0.48618,-0.21264,-0.35026,-0.55914,-0.1797
ZgD4Dau6,-0.19191,-0.38115,0.36672,-0.59633,-0.4012
Zgzf79LA,-0.51714,-0.47497,-0.96884,-0.65931,-0.28853
ZjqzxDOF,0.44671,0.60791,1.6817,-0.59319,-0.21559
ZsZ5aDpq,0.02704,0.54301,0.10487,0.82352,-0.88384
ZtyqE7If,-0.48949,-0.32459,-0.39155,-0.27601,-0.79582
ZvUgz01f,-0.33377,0.068733,0.61213,-0.93504,1.0706
ZwrhgdQV,0.69017,0.036555,0.84363,1.3567,-0.76404
a7bhJGBU,1.9497,-0.17816,1.5285,0.73756,-1.0939
aHpv6KzP,3.3391,-0.18291,2.1778,1.185,-1.2186
aINzEBVN,-0.24754,-0.35842,-0.72377,-0.27603,-0.93797
aP9EtTGF,2.6639,-0.52872,2.2114,-0.16131,-1.0727
aV6EhtSL,-0.38415,-0.13518,-0.24527,-0.4281,-0.30291
aVZsXKoH,1.8478,-0.21314,1.9865,-0.32775,-1.0063
aYVnVJvc,0.1139,0.033365,0.2474,0.46924,-1.0675
abCzN1zx,-0.50384,-0.50306,-1.2362,0.52993,-0.88096
ae7sMiB4,-0.23204,0.23924,0.11784,-0.18245,-0.29978
afsVuCGV,-0.60179,-0.008431,-0.6497,0.47175,0.24886
aiwBQETI,0.041314,-0.1931,0.15446,-0.082866,-0.95083
aiyli4EI,1.9531,2.1447,1.6379,1.7571,-0.74841
apJ7NmzD,2.2635,0.034517,2.1764,0.034127,-0.84859
atVjNMtQ,-0.24044,-0.18052,-0.82456,1.1062,-1.4062
b5GirVGV,-0.43263,-0.79328,-0.17467,-0.66893,0.23966
b9SpMjNB,-0.24383,0.17592,0.30654,-0.19415,0.82773
bAFs37yy,-0.44196,-0.35751,-0.16096,-0.74681,0.78965
bDia1hHV,-0.64148,-0.47886,-0.38029,-0.088498,-0.81236
bFkv5Mtr,-0.11103,0.31641,0.13175,0.34402,-0.18431
bHe2IXgA,-0.32085,-0.23518,-1.1183,1.3612,-1.3536
bWX3vUm5,-0.043304,-0.075716,0.052923,0.17689,-0.94111
bat8tcGs,-0.17376,-0.8607,-0.32348,-0.024081,-1.0378
bfjej4wu,-0.49312,-0.21032,-0.87106,0.17302,-1.0863
bh04YDiP,-0.44332,-0.61621,-0.48749,-0.028686,-0.35255
c110Fdc8,-0.3443,-0.2622,-0.359,-0.48896,0.21136
c32GUzMa,-0.36435,0.39563,-0.77807,0.15476,0.42391
cT6uU0B0,-0.34311,-0.35451,-0.66451,-0.30739,0.74174
cWXCiFwh,-0.54045,0.23367,-0.47448,-0.15263,-0.28517
ceNvS3yd,-0.37892,-0.27927,-1.1229,-0.029311,0.10258
cmwdt4Av,1.5242,-0.047354,1.5774,0.22342,-1.0817
cn4EHsup,-0.16035,-0.29667,-1.0451,-0.02164,-0.32624
crVOGGTT,-0.29572,-0.16795,-0.011532,-0.78054,0.68657
csPEJ1E5,-0.45707,-0.20901,-0.30442,-0.57116,-0.31271
d0UrRtMk,-0.55913,0.042442,-0.61435,-0.77955,1.5682
d6LU4G4I,-0.28153,-0.11639,-0.70583,0.50317,-0.1793
d74T1DVv,-0.45971,-0.44852,-1.1148,1.7209,-0.84875
dR6rM1tQ,-0.10316,-0.6614,0.1337,-0.065183,-1.1433
dUNxOoqg,-0.34296,-0.1013,-1.1579,0.72157,-0.81234
dUnlyhj7,0.35889,-0.023285,1.2706,-0.78946,0.014467
dVDlnZQ6,-0.28679,-0.045838,-0.74982,0.42951,-1.2181
dVT26GDu,-0.33544,-0.24293,-0.25644,-0.59088,0.33817
de43ycXY,0.3413,0.58718,1.2557,-0.82586,-0.34879
dfIn7m9z,-0.58099,-0.49642,-0.84065,-0.36537,-0.45746
dhmb9ZY9,3.124,-0.040837,2.0348,1.0574,-1.1066
dn8kCuyf,-0.37428,-0.14578,-0.57472,-0.55902,0.59182
dpcquvWW,-0.51305,-0.5442,-0.47692,-0.38933,-0.2037
dqcbIMyr,-0.57763,0.01684,-1.0726,-0.27522,-0.052618
drWgsBf5,-0.43592,0.087198,-0.70016,0.22672,-0.64799
dytx0HSe,-0.61342,-0.072352,-0.99063,-0.75517,1.2778
e4KkkIha,1.2935,1.2604,2.1204,-0.50684,-0.64566
e9YorH4m,-0.14281,0.09192,0.17773,-0.89382,0.4894
eB9gVQ0R,-0.15334,0.32432,0.056174,-0.47648,0.52739
eMhLFqU6,-0.31887,0.14866,-1.1705,0.17179,0.11791
eMllg1qm,0.44745,0.98848,0.88526,0.086119,-0.85322
eNPunZ9i,-0.18809,0.085863,-1.0913,0.58396,0.030372
eS5BSM4J,-0.50147,-0.14607,-0.34025,-0.71444,1.2977
eVGMFoOI,-0.19297,0.050799,0.26176,-0.9157,0.6011
eaIwb3rG,-0.33641,0.76215,0.22262,-0.31216,0.94559
eyzw8Vis,-0.49015,0.23063,-0.18738,-0.66073,1.24
f04Ke2bN,-0.277,-0.071772,-0.60205,0.21107,0.16637
f4GA0te1,-0.43649,-0.3483,-0.49094,-0.75148,0.011211
f7bd91h5,-0.5151,-0.21638,-0.17337,-0.81852,1.1241
fB7z9ndr,-0.38763,0.31596,0.54774,-0.50618,1.1923
fEe7AWFA,-0.47409,-0.52724,-0.075854,-0.24052,-0.78955
fJJIbgY9,0.30009,0.71854,1.2815,-0.57539,-0.70728
fQBURMvg,-0.4251,0.057235,-0.23543,-0.50549,1.0911
fS0HpOub,-0.45056,-0.50423,-0.22295,-0.50707,0.28043
fTDXauuk,0.45106,-0.12931,1.0268,-0.63078,-0.78474
favPNA2N,-0.099235,0.54615,-0.6289,0.43862,0.3992
g3Fv0U4k,-0.21424,0.0011996,-0.80422,0.97158,-0.67087
g5PKo2E2,0.15796,-0.16854,0.86887,-0.057207,-0.4547
gbjnD5fe,-0.3328,-0.556,-0.5461,-0.74911,0.080258
ge9zqXCv,-0.43354,-0.42541,-0.72263,0.40003,-0.73543
geeqJpSE,-0.44774,-0.19519,-0.021797,-0.69346,0.79907
gqy1J2RS,0.16589,-0.15646,0.53711,0.17039,-0.84343
grlUtS3H,-0.013071,-0.1149,-0.3183,0.53861,-0.49846
gx965KYj,-0.29792,-0.12931,-0.25393,0.17041,-0.31684
h3F08Vjm,-0.43057,-0.12665,0.0095569,-0.55414,1.2297
h6FQG8Iy,-0.2043,0.33776,0.73244,-0.5752,1.0144
h7ftM8b3,1.6348,0.18297,1.7687,-0.15105,-1.1927
hLrCHXZv,0.071196,-0.30508,0.32945,0.045024,-0.92366
hQ6VBuFx,-0.17171,0.4042,0.032471,-0.41374,0.55653
hYoR2y7w,-0.50764,0.18239,-0.49748,-0.094584,-0.80004
hf65yZkM,0.37704,0.28046,0.36786,1.2823,-1.0202
hjuwe1x4,-0.21432,-0.1761,0.30005,-0.39556,0.31539
hyINlsFR,-0.18714,0.54828,-0.16364,0.24532,0.79032
i0Qlm9Bv,-0.33017,-0.21236,0.19204,-0.53728,0.83217
i1VxfxMb,-0.41917,-0.27564,-0.046345,-0.6355,1.0246
i2l6jXNP,-0.46499,-0.27684,-1.0017,-0.19988,0.25928
i4FgPZv7,-0.34765,0.1991,0.18692,-0.7069,1.1686
i7XtIkSi,-0.6453,0.025149,-0.52078,-0.38914,-0.30973
i9z346Ut,-0.22314,-0.084074,-0.70116,0.91869,0.51678
iDOat4cZ,2.1602,0.44944,2.1247,-0.16244,-1.0387
iNv6RoSO,-0.126,-0.025395,0.06155,0.059476,0.13897
iSL9NYzy,3.6285,-0.27159,2.0127,2.0237,-1.0878
iSqVc1r8,0.14056,1.0626,1.1956,-0.70484,-0.3419
iYZMftt6,-0.69058,-0.45825,-0.46094,-0.46158,-0.73839
ieTPaa3c,-0.37367,0.096674,-0.95598,-0.069963,-0.3498
if7BmzU0,-0.45465,-0.26701,-0.098703,-0.71947,0.79677
ihNz5bmx,-0.23609,0.041585,-0.66158,0.51799,-0.69918
ikJXKdIN,-0.54725,-0.38404,-0.58818,-1.0108,0.56704
iq2kxikN,0.0013541,-0.27803,-0.28762,-0.078499,-1.0613
iuZEDJK7,-0.49171,-0.20916,-0.50573,-0.64772,0.6038
iyF8gVT7,-0.44335,0.095014,-0.014231,-0.73374,1.3761
j06qdQ0V,-0.36814,-0.43952,-0.34696,-0.29756,0.15288
j7hl8svO,-0.5172,-0.18425,-0.41244,-0.0025256,-0.83931
j8hMoJUN,-0.38805,-0.17052,-0.68941,-0.57751,-0.22337
jNaFasbV,-0.55464,-0.63141,-1.4048,0.54285,-0.91604
jVVHeYHT,-0.66897,0.15019,0.60822,-0.79357,1.0902
jXm4ySvK,-0.36638,-0.021862,-0.11988,-0.38605,0.60178
juO5ii5l,-0.45434,0.38989,0.65778,-0.78649,0.2822
k2hdEBsU,-0.49969,-0.31016,-0.14367,-0.80153,1.2814
k3ynMfhN,0.048099,0.6395,1.3943,-0.42985,0.96259
k9C9yBtr,0.020221,-0.20934,0.28021,0.2278,-0.87144
kAKRvcRo,-0.43363,-0.030113,-0.65915,0.71792,-1.0124
kBi3R2oC,-0.38739,-0.22742,-0.0062821,-0.39715,-0.36513
kDWmnsXe,-0.15492,-0.319,0.3185,-0.41276,-0.02426
kSGBd2Vh,-0.42818,-0.37276,0.0085675,-0.68534,0.49895
kT0miHPT,-0.57206,-0.42604,-0.51678,-0.34681,0.10004
kaW0TfRn,-0.38693,-0.5632,-0.060264,-0.54604,0.10887
kmg3SowO,-0.24556,-0.34289,-0.89234,0.42572,-0.48194
kpxKSlnF,2.3169,0.1496,1.9328,1.1652,-0.37605
ku2cn1MV,0.72854,1.1679,1.4185,-0.23362,-0.10774
l1su5HU9,-0.43339,-0.19407,-0.1923,-0.4207,0.30499
l8Tg2RvD,-0.49055,0.5702,0.81927,-0.68155,0.88712
lB6NsVOc,-0.44031,-0.4981,-0.021169,-0.7733,1.091
lEcdVyKk,-0.54315,0.038176,-0.61462,-0.56879,1.1506
lH4TasGl,-0.010267,-0.1446,0.79551,-0.77299,-0.47739
lO9aggHW,-0.065337,0.211,0.309,0.3127,0.028519
lW3m9Vzu,-0.59387,-0.37559,-0.56236,-0.28209,-0.26142
lYLseGDP,0.22282,-0.39003,0.1745,-0.47283,0.091881
lcOnCdZi,-0.4109,0.30623,0.7675,-0.87311,-0.30059
le9YGwON,-0.16113,-0.15183,0.059367,-0.1262,-0.24029
llMvu3TX,2.2122,-0.41537,2.8564,-0.64121,-0.21198
lnHh2jFO,0.10963,0.24909,1.4378,-0.90637,-0.091834
m07CVXd4,-0.40538,0.1613,0.76163,-0.84113,1.1957
m1lPk91z,-0.31872,-0.25309,0.38188,-0.74837,1.2272
m9IQdmwa,-0.44126,-0.38919,-0.30117,-0.62468,0.57013
mG9BRy5x,-0.43852,-0.041027,-0.31953,-0.20405,0.1982
mVHXnama,-0.3211,-0.4312,-0.78799,-0.29986,-0.8304
mXyrR6nU,-0.4141,-0.092864,-0.66719,-0.39978,0.67988
mbzNdxNc,-0.4776,-0.25558,-0.57449,0.3005,-0.43861
mntH7g3L,0.11125,0.63696,1.2356,-0.90282,-0.15518
msRTXP3H,-0.30338,-0.29749,0.072578,-0.15754,0.62476
mxBjvIPR,-0.40963,-0.35503,-0.33416,-0.6095,0.22538
n8Opmfbz,1.3557,0.30451,1.625,-0.29045,-0.48174
nOkgU29Q,-0.087487,-0.37281,-0.83556,0.64459,-1.0953
nhttf7VM,0.016686,1.2439,1.0907,-0.019779,0.10982
njLbXYa3,-0.3093,-0.37437,-0.3435,-0.47145,-0.60651
nwkIpzmh,0.48856,0.42301,1.2954,-0.3536,-0.32609
nzB1R9Zg,0.1704,-0.039791,1.029,-0.90701,0.040236
o1rZRI84,-0.48555,-0.058257,-0.57815,-0.43326,-0.26771
o7q5Mbty,-0.36289,-0.46036,-0.22616,-0.27176,-0.98532
oCBvysqB,-0.62819,0.07592,-0.44826,-0.32467,-0.24213
oDmycTPH,-0.42145,-0.48165,-0.31911,-0.96224,1.001
oFAXZvQv,-0.6236,0.10182,-0.4589,-0.29413,-0.11444
oHE3M1zX,-0.041528,0.16064,-0.61137,1.2676,-0.071757
oMhVmSpV,-0.7722,-0.021266,-0.65842,-0.56022,-0.44183
oNsDqVbi,0.1444,0.70629,1.2902,-0.67932,-0.37672
oYAJqQk8,-0.40784,-0.61134,-0.54849,-1.0745,0.15833
ob5Kb6dW,-0.55857,-0.022767,-0.79703,-0.62196,1.1224
obnzqs79,-0.47523,-0.37918,-0.88937,-0.52967,-0.4995
oncLcgRP,-0.41967,-0.47677,-0.84361,-0.24393,-0.33146
ooWVYaAe,-0.22665,0.070531,-0.77857,1.0535,-1.1885
osdyOUnV,-0.27639,0.30275,-1.1306,0.45824,0.050244
p7H9CzCv,-0.19681,-0.48266,-1.126,0.83449,-0.78658
p7U9hVhY,-0.43497,-0.087227,-0.46,-0.56771,0.81931
pE6Cf1RV,-0.40159,0.30376,0.51555,-0.59755,0.87722
pI7qzotI,0.028711,0.21709,-0.014202,0.18337,-0.62102
pJrIA4sk,-0.38584,-0.73259,-0.26706,-0.46364,0.080375
pXne2CLZ,-0.43941,-0.41839,-0.53382,0.94074,-1.0461
pZMcDIOS,-0.50032,-0.49834,-0.38083,-0.66999,0.60669
pavfp3cc,0.23468,-0.28787,0.89267,0.13019,-0.84031
pbQdC5L3,-0.60617,-0.39151,-0.64321,-0.64391,0.11175
pgj7aAFP,-0.26011,-0.23783,-0.0068388,-0.17773,0.30058
pxg8G3ed,-0.26664,0.51036,-0.035938,-0.22626,0.9481
q36Npk6l,-0.49502,-0.35884,-0.57868,-0.86531,0.88698
q4aDOVvq,0.40758,0.85867,0.82355,0.2475,-0.94092
qGmfR9CN,-0.2348,-0.37316,-1.0748,1.1304,-0.88611
qJ51ODpA,-0.29252,-0.28948,-1.0187,0.37196,-0.39532
qQX3cs3I,-0.2965,0.75861,0.9624,-0.65482,0.23914
qXeIxPb8,-0.42995,-0.095389,-0.37141,-0.46908,0.81082
qYQ4MShM,0.035621,0.11128,0.096892,0.26741,-0.96385
qa0etnhK,0.053342,-0.19496,0.26943,0.082618,-0.58281
qbL4sboq,-0.63162,0.38876,-0.28376,-0.65059,0.87622
qbYrsWHq,0.97724,1.2726,2.0197,-0.064134,-0.39867
r1zmcUqQ,0.46871,0.53534,1.0115,-0.74288,-0.76573
r54iHeQC,-0.37522,-0.19335,0.077308,-0.58747,0.71097
r6xrAnQV,3.3936,0.098897,2.3498,0.3037,-0.35173
r9HxnQDg,-0.11185,-0.0077704,0.74206,-0.18839,0.83662
rG8Puuf9,0.92363,-0.11178,1.0958,0.25159,-0.90717
rGuiefuR,-0.52987,-0.65001,-1.0859,0.26405,-0.91313
rJ19OhGP,-0.51373,0.14074,-0.49537,-0.57138,1.2116
rOCYepHd,0.045154,0.28573,0.93447,-0.51481,-0.26904
rQJaOPFI,0.026105,-0.25524,0.54903,-0.29364,-0.044853
rQhZtZeh,-0.1903,0.47705,1.0596,-0.64731,1.1383
rapmok0w,-0.18151,0.77355,-1.1967,0.90405,-0.0087809
rgzfnPVu,-0.4635,0.36226,0.78876,-0.71572,0.42344
ri4qhb1S,-0.34895,-0.39956,-0.47235,-0.62005,0.43855
rqpFYzff,-0.55809,-0.18965,-0.3614,-0.66143,0.37182
rrs22coX,-0.41066,0.038213,0.22923,-0.399,1.1606
sEeUCQLc,-0.60593,-0.094334,-0.99485,-0.40173,0.60155
sHScwqQl,-0.42432,0.14557,0.54806,-0.76721,1.3293
sNC7DiAt,-0.52895,-0.25473,-0.20316,-0.60955,0.86979
sNK2TSs3,-0.38952,0.060008,0.32456,-0.43522,0.92892
sO7Su6uw,-0.2442,0.30626,-1.3676,0.068923,-0.11444
sOWZx89o,-0.65772,-0.34876,-1.1179,-0.71925,1.2304
sPbRcPjC,-0.084059,-0.036688,0.11164,0.2594,-0.7693
scVUfTKI,-0.0030509,0.2217,0.067311,1.3204,-0.6051
seRaGeVv,-0.61189,-0.067695,-0.30637,-0.49059,1.0221
sgtwiYWi,-0.43398,-0.2698,-1.1256,-0.060573,-0.1713
sjmLHcT6,-0.55436,-0.29431,-0.62617,-0.67094,-0.024017
skZUZZGS,-0.37046,-0.25814,0.091674,-0.38731,0.32469
suAmzADX,-0.38663,-0.29154,-0.91623,1.4828,-1.0536
t4GWLqlO,0.42532,0.05805,0.94978,-0.40574,-0.20886
t7gy6Jyy,0.35696,-0.040094,0.84131,-0.73419,-0.051812
tBadzH60,2.2435,-0.11578,2.3162,-0.13714,-0.585
tXUWm0hp,-0.20135,-0.50824,-0.40906,0.48287,-0.55844
te6UPPxf,-0.69441,0.082291,-0.48715,-0.33109,-0.56062
ti2lamkL,0.14599,0.30377,0.71581,-0.34042,-0.25618
tr0lpwuU,-0.21597,-0.32686,-0.59548,1.9079,-1.2703
ttdB5C73,-0.45985,0.13262,-0.14807,-0.46235,0.80665
twS8YZu9,-0.29186,0.12674,-0.35491,-0.40488,-0.10103
tx68W34H,-0.6597,-0.59614,-1.3001,1.0058,-0.76046
tyQSX4mY,-0.39618,0.0011322,0.49793,-0.75015,0.26663
tylKCRc0,-0.46133,-0.35269,-0.29211,-0.41248,0.3785
u1544WUo,-0.37553,-0.10317,-0.75184,-0.5796,0.48192
uAw9an0d,0.060333,0.042055,0.36374,-0.15502,-0.27799
uLZAEXMG,2.5094,-0.2857,1.9757,0.17118,-1.1355
uMwe1s7I,-0.65949,-0.80382,-0.54816,0.60107,-0.85274
ufhGeV3q,-0.59763,-0.23705,-0.54076,-0.61344,0.47708
uhAeGBHo,-0.22156,-0.5913,-1.293,0.61314,-0.83043
ujHNlqpw,1.1327,0.88326,1.2688,0.15971,-1.0132
ulV6kuhB,-0.31785,0.024406,-0.043297,-0.41431,0.54719
uohEnNEK,-0.40557,-0.038102,-0.79912,0.9488,-1.0765
v1lhA8I4,-0.33468,-0.27065,0.28849,-0.62626,1.4403
v3JzigLI,-0.57022,-0.32245,-0.73986,-0.7171,-0.068185
v5IwjyIg,-0.47642,-0.16958,-0.75206,-0.24161,-0.91418
v6lp5TK1,-0.26504,-0.048436,0.51416,-0.76549,1.2901
v8vOaaWq,-0.21679,-0.57172,-1.0153,0.10731,0.11497
vAYKtoil,-0.62859,-0.029975,-0.56234,-0.24316,-0.67316
vGTNQa6G,2.9089,-0.038188,2.1133,1.4332,-0.42848
vQzNxHoL,-0.44052,0.18371,-0.45062,-0.4545,-0.67368
vfZGBUJm,-0.17113,-0.20411,0.044161,-0.040055,-0.56823
vlooVUoT,-0.05159,-0.15891,-0.46614,0.92736,-0.91084
vrACvd4O,-0.3711,-0.55491,-0.26078,-0.30275,-0.30038
w8hdjLwb,-0.5888,-0.10249,-0.022082,-0.67449,1.1346
wAntv4gH,0.24138,0.72278,1.7518,-0.64005,0.53117
wIUL09q0,-0.54417,-0.40367,-0.99235,-0.74008,-0.03582
wOzx7Fgz,-0.24149,-0.57151,-0.018522,-0.52019,-0.10898
wPhjhCJQ,-0.49448,0.052606,-0.60027,-0.61145,1.3159
wQSWWmYB,-0.35155,-0.34081,-0.43782,-0.42687,0.60478
wdIMrXwy,2.01,-0.189,2.6875,-0.52253,-0.33612
wiL9npQc,-0.61201,-0.18072,-0.58202,-0.72096,0.90855
wnU95Cxn,1.5293,0.73016,2.0742,-0.55777,-0.93317
wpJbbjJs,0.068365,1.2349,1.0443,-0.13342,-0.1417
wsOWTAbI,1.3005,-0.10421,1.0654,1.676,-0.90061
wtdBcU3U,-0.37524,-0.20401,-0.52624,-0.86637,-0.16537
wuKXVxOc,-0.36851,0.021891,-0.76533,-0.46506,0.48929
wyzadAt8,-0.49235,-0.33774,-0.61377,-0.56564,0.75217
wzaKzYwi,0.048096,-0.34186,0.581,-0.80725,0.76608
x6GCk4EV,-0.34963,-0.034448,-0.29956,-0.45634,0.41678
x6lUi3vf,0.015255,-0.46691,-0.011713,0.45492,-1.2135
x8mwDHv9,-0.37305,-0.46479,-0.20649,-0.29196,-0.2313
xIYm6puH,0.85167,0.90957,0.30166,0.97504,-1.2306
xO6UdpsK,0.66171,1.0553,0.79588,-0.24699,-1.2604
xQ2bkOvj,-0.52349,-0.44285,-0.56459,0.46127,-0.94736
xeXyDCEQ,2.8257,-0.15351,1.8458,1.3169,-1.2601
xrggHziO,-0.27115,-0.29974,0.41229,-0.65992,-0.017228
y1WMCmqQ,-0.47567,-0.42518,-0.54948,-0.5502,0.007299
yDngezhM,-0.24051,-0.22994,-0.47247,-0.6309,-0.35708
yLiFjMD0,-0.33062,-0.1664,-0.042473,-0.87722,0.65259
ySwEBO7w,-0.62215,-0.055532,-0.59914,-0.20512,-0.835
ydC9UsSm,-0.1388,-0.55415,-0.96056,0.62985,-0.012146
ydEG4VBd,-0.44933,-0.033154,-0.88902,-0.40944,0.73521
yf76yWXc,-0.26475,0.84084,1.1561,-0.65477,-0.31503
yg70e63n,-0.54596,-0.10652,-0.5889,-0.1976,-0.43257
ywxtlSKv,-0.51791,-0.4574,-0.71907,-0.47777,-0.084018
yzKPQPOR,-0.5834,-0.72434,-0.45486,0.11532,-0.78147
z5cnOnZ1,-0.27674,-0.40466,-0.32109,-0.52306,-0.59176
zFLkOE0e,0.1171,-0.049644,0.52319,0.45349,-0.93833
zGi72mxL,-0.75773,-0.38349,-0.59213,-0.1975,-0.795
zN925UV3,-0.33652,-0.099511,-0.75791,0.67,-0.93451
zTy2ih7e,-0.49657,0.2609,-0.8871,-0.42434,0.77255
zVFzAutw,-0.2846,-0.13675,-0.19998,-0.36997,0.3476
zYxNAkht,-0.51383,-0.36836,-0.69442,-0.72129,0.36567
zaWDBai3,-0.26501,0.42197,-0.26517,-0.091006,1.3407
zg3u0Zsx,-0.35619,0.42551,-0.22719,0.099253,-0.056534
zlwLfdsS,-0.49303,-0.66844,-0.66702,1.4484,-1.1027
zmbKzVfl,-0.24622,0.18752,-1.4047,0.31254,0.10241
