PIDN,Ca,P,pH,SOC,Sand
09gt9UK5,-0.61922,-0.28367,-1.1368,-0.61329,1.2566
0BVvxJ6a,0.21289,0.19979,0.83364,0.24029,-0.8048
0KbdgApg,-0.015082,-0.16799,-0.083794,0.11345,-0.90433
0MnuuduB,-0.39602,0.16808,-0.53699,0.62989,-0.87078
0PcIsF9z,-0.087456,-0.26611,-0.97722,0.048351,-0.18091
0ShTFLYJ,-0.46947,-0.54703,-0.76252,-1.0329,0.12265
0XZh9jka,-0.35851,-0.0099617,-0.63762,0.77427,-0.96225
0Y7Wegri,-0.2284,0.25728,0.56275,-0.10079,0.57632
0dTqplIM,0.072676,-0.075544,0.23602,0.21321,-0.98819
0lNiZicC,-0.2933,0.19601,-0.72939,-0.45121,-0.38824
0rGeJ0QN,-0.23193,0.26006,-0.43507,0.23654,0.087995
0sXI9ytQ,-0.49942,0.051943,-0.43485,-0.82948,1.6787
0ukt4aP6,0.68624,0.40932,1.3502,-0.67882,0.047949
1AGspb8f,-0.40506,-0.89774,-1.3538,0.47501,-0.9333
1Csy0gvE,-0.40344,-0.20128,-0.45689,-0.6705,0.49071
1Ic2hly1,-0.39377,0.41149,0.057979,-0.065059,0.2421
1PPbaTwt,-0.13578,-0.41853,-0.4194,-0.62059,0.25303
1SO5VJNy,-0.37277,0.020043,0.072699,-0.56546,0.74007
1arHxK3Y,1.1547,0.75457,1.2597,0.41947,-0.6481
1fCW4Bba,-0.3239,0.12855,0.15339,-0.32112,0.46525
1qDZNvIm,-0.52719,0.016595,-0.26776,-0.76859,1.3061
28LYJC2V,-0.49032,-0.28153,-1.0185,0.6173,-0.34453
2CzACvQq,0.38401,0.67545,1.4917,-0.54106,-0.57223
2FT3crfv,-0.29973,-0.18808,-0.25248,0.10576,-0.73558
2Fy2uHVg,-0.56188,-0.050974,-0.37212,-0.47048,-0.36687
2MkMEApm,-0.29371,0.33638,0.1425,-0.70695,0.60268
2NDGWEOe,0.62357,1.3161,1.8296,-0.58032,-0.53357
2NyyCiqn,-0.41783,0.086408,-0.089265,-0.44726,0.65759
2QRzIb84,0.71091,1.0472,2.3037,-0.30928,0.17745
2QcbdrUZ,-0.34043,-0.32685,-0.027519,-0.35712,0.4705
2YgAimWK,-0.2979,0.32172,0.43577,-0.5987,0.70623
2cx85d9H,0.32425,-0.3852,-0.020111,0.18791,-0.90455
2homMXMV,-0.25828,0.17356,-0.85879,0.12248,0.40585
2ldLrUtq,-0.40881,-0.28376,-0.27046,-0.51674,-0.32449
2nsACW6G,-0.15507,-0.28867,-0.55559,1.32,-0.98254
2yMbVnWc,0.028633,0.37172,-1.1353,1.6452,0.12793
36r8sgGQ,-0.40575,-0.21414,-0.18818,-0.81859,0.85667
3NXAXCl3,-0.34902,-0.5508,-0.77917,0.33294,-1.0135
3QG0z6fl,-0.39997,-0.23761,-0.74465,-0.36439,0.017336
3WS8R9qm,-0.21282,-0.14259,-0.57537,1.7518,-1.202
3fRLm8f5,-0.3293,-0.29374,-1.0411,0.026915,0.61547
3mZhp1nQ,-0.50798,-0.31878,-0.41573,-0.54614,0.43636
3pikJXRL,-0.34875,-0.1118,-0.81251,0.29137,-0.91897
3pxOEGHL,-0.54114,-0.22746,-0.55285,-0.74931,0.81931
3ttdV3f5,-0.43797,-0.17983,-0.28456,-0.30887,-0.45486
3v4X6Mfe,0.7195,0.36938,1.4484,-0.69513,0.011423
3wORuPiv,-0.6657,-0.3879,-0.60429,-0.46171,-0.71213
43EfrxZj,0.09057,0.17609,0.085233,0.609,-0.54376
457Vwm21,0.096856,0.23959,0.60677,0.30153,-0.18213
46KNnOdx,-0.3303,0.46949,-1.3196,-0.0047035,0.065229
47TwNsVC,-0.32771,-0.51911,-0.93743,0.99324,-1.0972
49856RpO,-0.35571,-0.33518,-0.67959,-0.53391,-0.97357
4Ane1o2N,-0.4025,-0.66547,-0.56771,-0.54902,-0.16009
4AyVUgSc,-0.42597,-0.27934,-0.72338,-0.69158,-0.45778
4B1951On,-0.18913,0.093763,-0.06386,-0.38012,0.013122
4OL39Teo,0.04404,0.7403,0.12261,0.61714,-0.32359
4eQ90eLY,-0.26078,0.086373,-0.040287,0.38399,-0.40686
4o5jwMj8,-0.33246,-0.080576,-0.38751,-0.58129,0.27007
4vPgpl2c,-0.36187,-0.30511,-0.16014,-0.52923,0.82129
51r9aA0d,-0.40463,-0.27726,-0.51971,-0.82527,-0.43975
58SmeRoP,0.051526,0.22326,-0.094092,0.14437,-0.39422
5HJp1AXn,-0.47299,-0.16333,-0.62449,0.8272,-0.24427
5MBZW7fx,-0.26762,0.21062,1.1313,-0.49218,-0.070538
5Nq3gHaP,0.39573,1.4237,0.43439,1.1137,-0.34258
5RmwFFK3,0.77705,0.6652,0.37438,0.25995,-1.1984
5Tu5Jbov,-0.58836,0.077664,-0.52048,-0.3046,-0.41868
5YEolkev,-0.36257,-0.42171,-0.069081,-0.6001,-0.48248
5a8sf6QV,0.011227,-0.22034,0.30924,0.015897,-0.80183
5eSvmqYm,-0.49652,-0.29044,-0.27113,-0.52449,-0.24934
5hkN8fiv,-0.21075,-0.48826,-0.97137,0.82352,-1.0055
5oK8Gti5,-0.64212,-0.36169,-0.47567,-0.68552,1.4979
5paniGaU,-0.58992,0.069221,-0.90985,-0.78735,1.5573
5vsr7ZUP,0.52655,-0.1331,1.0265,-0.1938,-0.79208
60B4xMWI,-0.33302,0.64972,1.2966,-0.8885,0.63893
64jOUtKy,0.29988,1.0858,0.25717,1.8867,-0.88708
6AJo4xNG,-0.26033,0.33548,0.16154,0.2166,-0.017578
6CAvhEte,-0.2594,-0.29367,-0.5953,-0.50064,0.2135
6CuGYjT5,2.4921,-0.27006,1.8631,0.57498,-1.3534
6DGH8ujZ,-0.35095,-0.1615,-0.9282,0.19389,-0.61272
6PzsGdVm,-0.21303,-0.26916,-0.70231,0.3308,-0.59864
6UcSJMbq,0.18469,0.34368,0.86468,-0.98506,0.084297
6WJbkH8U,1.0951,-0.18948,1.5182,-0.27215,-0.97351
6eUWsVzw,0.25826,-0.026608,0.96164,-0.043139,-0.56134
6gNyO7Do,0.24833,-0.16858,0.15662,0.3372,-0.83541
6jT0AyHe,-0.081776,-0.3423,0.28623,0.22968,-1.0085
6nBgCvWu,-0.43205,-0.1935,-0.14285,-0.47896,0.80428
6ro5mqg6,-0.39544,-0.35345,-0.22219,-0.56181,0.23585
6sGqObX4,-0.74361,-0.1316,-0.55724,-0.29622,-0.58656
6uEGy0n4,1.7854,-0.037181,1.8891,-0.19159,-1.0819
7BZ4LxP8,-0.0007485,-0.43692,0.26639,-0.2157,-0.72506
7CmigXKi,-0.34484,-0.06486,-0.74304,-0.57214,-0.015103
7Ga0LpfR,1.0837,1.7005,0.082502,2.0831,-1.0933
7PQsFvsG,-0.23573,-0.39193,-1.3509,1.0815,-0.64917
7aF7nnwn,-0.56076,-0.26798,-0.70153,-0.85109,0.58778
7asGzfX9,-0.17183,-0.070656,0.0017469,-0.28038,-0.07873
7cg7C92o,-0.0087063,1.4642,0.33138,0.69965,0.11228
7eOxTpsB,-0.37419,0.27414,0.54514,-0.76798,1.2064
7ey0v7ma,-0.35476,-0.56871,-0.66739,0.25314,-1.0826
7gocyrYl,-0.32225,-0.13462,-0.47644,0.88083,-0.16356
7gqR3GoA,-0.35459,-0.46517,-0.73655,-0.50877,-0.45053
7og7aUXB,-0.34512,-0.11249,0.068046,-0.21189,-0.31634
7onRfa8F,0.10204,0.11781,0.2859,-0.30646,0.63519
7umkNuxM,-0.26732,-0.43751,-0.12239,0.2034,-0.45382
7vPr9ExD,0.056953,-0.089366,0.12628,0.069372,-0.82907
7zNjpCzu,-0.4361,-0.21232,-0.33551,-0.19108,-0.66857
7ztsQNj3,-0.61379,-0.034434,-0.52796,-0.21562,-0.40292
86gppwMI,-0.41478,0.14548,-0.61473,-0.3817,0.85751
88thAGdL,-0.32841,0.075596,-0.29185,-0.32608,-0.25942
8GhU8STP,1.3062,0.53583,1.3744,0.34693,-1.1137
8NlzDcWe,-0.40188,-0.28822,-0.83282,-0.64658,-0.2533
8QAejdLW,-0.097596,-0.11217,-0.18445,0.15452,-0.99883
8RDeFxWM,-0.42801,-0.078466,-0.21719,-0.66149,1.2306
8UXP2NBS,-0.30022,-0.24876,0.010905,-0.51892,0.51554
8ZoV3KGT,-0.21569,-0.17641,0.0049747,-0.28631,-0.485
8ajs2uG8,-0.42877,-0.15425,-0.75579,-0.32119,-0.47701
8bXnz62p,-0.18023,1.0387,0.49242,0.29777,0.70441
8nO1O1LG,1.9997,0.57615,1.4847,1.462,-0.90495
8xE1p8g8,-0.46002,-0.016916,-0.56943,-0.48842,-0.18747
8yMDVMRM,-0.471,-0.12582,-1.0492,-0.57936,-0.75211
98R5VaPi,0.761,0.2807,2.2434,-0.84089,0.79952
9DcTz2Ua,2.6316,-0.054518,2.0045,0.84115,-1.1747
9G7nfUrK,-0.19533,-0.43791,-0.19785,-0.45381,0.32194
9O6GZ1HT,-0.044401,0.55641,0.95388,-0.7704,-0.49368
9S7fCoAM,-0.36695,-0.23684,-0.043242,-0.36768,0.5098
9iQwmFJR,-0.33563,-0.43367,-0.082419,-0.59174,0.096616
A3Mt6SAQ,1.1233,0.0058895,2.5902,-1.2043,0.56622
AJIsQIcV,-0.27125,-0.18291,-0.63385,-0.48104,0.43052
AMHKXMh8,1.7793,0.38248,1.7891,-0.011313,-0.86215
ASwA2J4E,-0.33432,0.10628,0.1525,-0.4805,0.74743
AaFvEoHq,-0.54926,0.34991,0.79496,-1.0666,0.91427
AiIPD6hX,-0.44298,-0.15112,-0.46041,0.39083,-0.38139
AsIURvJS,-0.56109,-0.25179,-0.82488,0.68377,-0.87988
AsvgbJ0C,-0.12815,-0.16834,-0.64851,0.65739,-0.1939
AxEhbkCM,-0.42585,0.5996,-0.52325,-0.6018,-0.38276
B7VPkIpx,-0.5164,0.42869,0.95819,-0.79524,0.8154
BBwHqHiH,-0.05584,-0.18213,-0.047369,-0.0072008,-0.91407
BMyps8hr,-0.31151,-0.33663,-0.26933,-0.2092,-0.48794
BUHS4dQw,0.48862,0.42276,-0.03969,3.1127,-0.75443
BZB3EYWQ,-0.31212,-0.030182,0.059235,-0.42206,0.66896
C5UPCZcL,3.3509,-0.20663,2.1842,0.72821,-1.1062
C5gIfQbJ,-0.46237,-0.22972,-0.8659,1.4799,-1.011
CDRuu4Pn,-0.4489,-0.33259,-0.25712,-0.81592,1.0456
CQhTYkqE,0.26475,0.16595,0.64171,0.31743,-1.0511
CSEobMXv,-0.34931,-0.11449,-0.68889,1.041,-0.7683
CYMQE4x0,0.060205,0.82701,1.2096,-0.24746,0.80726
ChQdtl4J,-0.43355,-0.31382,-0.10275,-0.48678,0.35962
ChnD1nrN,-0.35082,-0.20779,-0.65668,-0.59026,-0.49688
CvtbbIcq,1.1166,0.53351,1.7177,-0.14648,-0.18211
Cxk06b77,-0.28821,0.5262,0.73778,-0.050311,0.18829
D3QD3ZEJ,-0.12681,-0.22984,-0.28439,0.53763,-0.21015
D8J5C6lA,0.51678,1.3222,1.0768,-0.13054,-0.84425
DCeQwYfT,-0.093594,-0.092858,0.018758,0.18017,-0.47484
DDEftkx3,-0.58546,-0.054089,-0.77783,-0.69622,1.2798
DEwCfeDW,-0.38787,0.60535,-0.12828,0.027928,0.77296
DMkIV4oL,-0.49129,-0.22631,-0.68236,-0.7656,0.85113
DnzGfbxS,-0.20412,-0.10833,-0.0015519,-0.12885,-0.79219
DoZxo6f6,-0.33461,0.081258,-0.056704,-0.55416,0.64553
DvhBPGIk,-0.5818,-0.53566,-0.40648,-0.52244,-0.26927
Dx7GoUcT,-0.44789,-0.25183,-0.16514,-0.61991,0.9145
E5hIjohO,0.25426,-0.39023,0.34277,0.98646,-1.4958
E6x4XGHt,-0.65105,-0.25488,-0.75203,-0.74381,1.2887
EDEpAzh1,-0.52298,-0.14454,-0.54135,-0.41049,-0.48933
ETGudkQt,-0.32357,0.48237,0.25505,-0.54898,0.34783
EUleKrLJ,2.094,0.03169,1.759,0.69572,-0.88236
Ehw2Jz6s,-0.38252,0.20036,-0.59817,-0.4811,0.096483
EjqzC4zH,-0.56067,-0.018194,0.42719,-0.82751,0.63462
EkMZO3Qj,-0.39019,0.84645,0.24149,-0.67655,0.60769
EnoNXWvU,0.17669,0.42873,0.96419,-1.0258,-0.018508
Epv8ANwr,-0.36089,-0.50919,-0.36008,0.32692,-0.10667
Etro9j0B,-0.075152,2.0379,0.36582,-0.10838,-0.064936
F3MIZj76,-0.12171,-0.15072,-1.2092,0.20721,-0.87478
FB8tU00K,-0.55576,-0.29197,-1.0958,0.4397,-0.29612
FLhxBGMK,-0.032973,0.081279,0.36562,-0.04531,-0.88258
FRreR8ka,-0.40725,-0.37295,-0.38809,-0.21959,0.23906
FXne4oAV,0.49962,1.0719,0.89623,-0.34582,-0.88539
FaW764jk,-0.27727,0.79156,0.65933,-0.35262,0.61362
FeAbMXly,-0.60442,-0.35125,-0.9575,-0.63491,0.84417
FeudaFXn,1.7528,-0.33144,1.9662,-0.37067,-0.94722
FldUmFeM,1.7633,-0.21129,1.9975,-0.89952,-0.070774
Fnv5tfAm,-0.74273,-0.0259,-0.59451,-0.19459,-0.41987
FvrAd3Or,-0.17485,-0.077383,0.71961,-0.98689,0.50228
G48zHffi,0.21943,0.40467,1.4431,-0.82463,0.54653
G76zCv5N,-0.42934,-0.32127,-0.64669,-0.48108,-0.24561
G7JGUdNf,0.21622,-0.32771,0.20657,-0.031358,-0.92669
GCo6MONx,1.1334,-0.08433,1.0552,0.49458,-1.0045
GE0vbpVQ,-0.33389,-0.044808,0.14459,-0.71073,0.80938
GN0DfOqt,-0.21593,-0.65391,-0.12882,-0.50609,0.22753
GNsTAb1v,-0.56946,0.32497,-0.5536,-0.43729,-0.7467
GPwmO21z,-0.46017,-0.56963,-0.42645,-0.11748,-0.45811
GQYpfLoh,0.93008,0.32691,0.23309,0.47098,-1.2253
GR9knT8n,-0.22509,-0.41252,-1.2318,0.96406,-0.69064
GXtFFbZy,0.24844,0.56695,0.60735,0.0029622,-0.13644
GYvzvvFD,-0.46696,0.43125,-1.1369,-0.19736,0.33398
GemPjTJ9,-0.27846,-0.24828,-0.87563,0.47797,-0.72008
GkLYRm1K,1.8748,0.096053,1.7934,-0.29903,-1.1749
GmlqP8eI,-0.39633,-0.35227,-0.98489,-0.65967,-0.74535
GqkIrOvf,-0.27964,-0.20139,-0.93552,1.1916,-0.81438
H0fsegPi,-0.52099,-0.21721,-0.44041,-0.52886,0.49789
H4dHpJjU,2.1443,0.19678,1.7346,0.80227,-0.94635
H5QwJCuU,2.2001,1.6911,2.0654,0.73164,-0.79839
H5uwmSZ0,-0.49487,-0.14445,-0.53758,-0.72243,0.53416
H8MtbVoL,-0.14837,-0.11081,-0.1479,-0.30575,-0.63066
H9JrUYnp,-0.34309,-0.24858,-0.22329,-0.096751,0.26666
HHYmmHVk,-0.53614,-0.20755,-0.47788,-0.82306,1.3068
HJ5U4uqL,-0.552,-0.19593,-1.4019,-0.56326,-0.48505
HNQxYc4w,-0.30867,-0.31864,-0.24322,-0.60999,-0.133
HQYhKHZ8,-0.48024,-0.10807,-0.80639,-0.58374,-0.42868
HSCMx0MC,-0.43635,0.13339,-0.23725,-0.56738,1.0965
HXYuE0fx,2.4265,-0.19403,1.8912,0.28823,-1.137
HdKcxEWr,0.14989,0.93775,0.70995,0.61276,-0.25566
HecW1iCC,-0.62979,-0.17517,-0.46957,-0.67307,-0.65879
HpbKB8rv,-0.16754,-0.22215,-0.93341,0.62885,-1.0771
HrkoYjCg,-0.070107,0.87209,-0.33242,1.2425,-0.79716
I5P2uquT,-0.29488,-0.074734,-0.020441,-0.46753,0.33547
I94qkDM7,-0.46916,0.31891,-1.2072,-0.26815,0.46026
I9sQbtt8,-0.096789,0.051352,-0.84976,1.8509,-1.0439
IFxgw6ZX,-0.6278,-0.25427,-0.19402,-0.67052,-0.1915
IPPPSyoU,-0.49241,-0.43029,-1.1156,-0.0043634,-0.81044
IQOYQubU,1.8729,-0.15363,1.6588,0.18051,-0.88221
IYNE2SxU,-0.48656,-0.037428,-0.40147,0.0046098,-0.59133
IZRFk9kN,-0.2105,-0.040364,0.23504,-0.30913,-0.041708
Iaq3v0t3,1.3385,0.10156,2.525,-1.0188,0.36249
IbVwu1t6,-0.35784,-0.33791,-1.018,-0.15406,-0.6635
IcHKTLyo,0.23002,-0.13098,0.0027935,0.092532,-0.99401
IpW80wVB,-0.12255,-0.269,-0.30803,-0.1496,-0.47533
Itb0PYUV,1.9362,0.052854,1.5806,0.97161,-1.1038
J8fpSwS0,-0.65905,0.26431,0.60408,-1.0114,1.0718
JE1SlbD0,0.71047,1.1734,0.51143,2.1462,-1.2444
JEB4McNb,1.0402,-0.080301,1.4059,-0.2329,-1.0349
JEE4QVeQ,0.067798,-0.18931,-0.094702,-0.23582,-0.81003
JJSEU2VQ,-0.56588,-0.19436,-0.67095,-0.62109,0.85979
JSsVriP2,0.11746,-0.21969,0.93718,-0.85445,-0.028517
JUvQNiOK,-0.049846,0.55214,0.76968,-0.49966,0.48065
JZbrRtm2,0.2951,0.22572,1.4439,-0.93198,-0.3356
JcE9G92B,0.017227,0.18003,0.019421,1.1608,-0.57371
JnNYpXHr,0.52955,2.1724,0.1679,2.1512,-0.79879
JzpbnOtz,-0.52687,0.428,0.10653,-0.72127,1.0728
JzzUhPQp,1.8801,0.91777,1.7793,-0.19139,-1.2299
K05R8dQK,-0.41504,-0.27965,-0.7916,0.60471,-0.51085
K17pG2mG,-0.25997,-0.34791,0.41916,-0.81476,0.90909
K8BellUe,-0.061431,-0.66668,0.22256,-0.27333,-1.2819
KJ2eH6rr,-0.071464,0.23546,-0.071714,-0.51088,-0.59432
KJEJ6Glk,0.59704,0.67799,0.45265,1.5329,-1.2722
KSbO0oXS,0.29899,1.2309,0.26882,2.1776,-1.1434
KXtvmd01,-0.38179,-0.36413,-0.32511,-0.61488,0.19207
KYiJqBuJ,0.11374,-0.2827,0.63303,-0.49619,-0.69046
KmbAyTcE,-0.18562,0.057172,-0.012476,-0.40284,-0.19443
KnNyl3rV,-0.072887,-0.049763,1.2827,-0.45978,0.83068
Kp2DG8TZ,-0.61045,0.31635,0.83247,-0.90668,1.2
KqQtKWs5,-0.53622,-0.25137,-0.84036,-0.55926,-0.15228
Ku27g63R,2.7707,0.41099,2.0502,0.39172,-0.68065
L2aTVqDq,-0.37645,-0.38658,-1.1985,0.6973,-0.77204
L5jvq6G4,-0.51566,-0.14715,-0.62055,-0.65791,0.21755
L91hYVQl,-0.56013,-0.25103,-0.72484,-0.88437,-0.2991
LINAMlbA,-0.28671,0.19729,-1.0497,0.032735,0.3271
LJoUNXSx,-0.32981,0.084961,-1.128,0.21516,-0.67321
LLtSiyWD,-0.56391,-0.26626,-0.68116,-0.41972,-0.0043958
LQJtV8kn,-0.058935,0.043545,0.50365,-0.19656,-0.99377
LW9uddw7,-0.2769,-0.38855,-0.61141,0.9322,-1.2526
LZ6sdBTR,0.96354,0.43772,1.1116,0.27331,-0.69913
La2Vhnne,0.43643,0.12753,0.50554,1.4318,-0.56111
LaUWSq9B,-0.08574,0.046397,0.2035,-0.036338,-0.76308
Lk4SfkPQ,-0.61953,-0.466,-0.72668,-0.24375,-0.83851
LllC836d,-0.071175,0.10828,-0.6568,0.65718,-0.27851
LuGiGeWN,-0.41745,0.24074,-0.96189,-0.1367,0.6701
LzcyHcWa,-0.51147,-0.080499,-0.53152,-0.64495,0.98964
M7veP0H4,-0.37127,0.3894,-0.044786,-0.30054,0.73782
MB8aaJUc,0.030605,0.60451,-1.1885,1.0085,-0.21615
MDpe2zuy,-0.53641,-0.1789,-0.46445,-0.41362,-0.47838
MEzdmEIU,-0.34861,-0.26741,-0.22599,-0.42984,0.035757
MVnhtivm,-0.34544,-0.32979,-0.5189,-0.28695,-0.65747
MYU7WDis,-0.55141,0.2505,0.83691,-0.89604,0.88561
MZFqh6yw,1.9443,0.56011,2.1917,-0.26555,-0.072167
Mdgy4SsO,0.98544,0.93059,0.25283,1.528,-1.337
Mj8awnzy,-0.36771,-0.041081,0.33233,-0.76689,1.2895
MpFPbUJy,1.9551,0.50729,1.6114,0.803,-1.057
Mqk7MFBM,-0.26219,0.75232,0.54728,-0.79605,0.62313
Mqs2t1Eo,-0.57558,-0.10873,-0.61156,-0.2071,-0.36824
Mv3jFVxp,-0.26938,-0.22102,-0.045106,-0.28579,0.28259
MxODTXvA,0.024947,0.10472,0.35656,0.16062,-0.96741
N46PbpPM,-0.37621,-0.20574,0.14531,-0.67949,1.5984
N5S5F9Gk,-0.45205,0.5647,-1.2614,-0.18865,0.77232
NLDg5fqw,0.26139,-0.15097,0.23752,-0.42026,-0.0068229
NOho2ZiM,2.597,-0.16618,1.8837,0.57117,-1.3484
NUuY7PFU,2.0301,0.40809,1.5283,1.286,-1.3124
NV1e8AEO,-0.41175,0.044157,-0.16758,-0.54824,1.1886
NZLXROKC,0.036255,0.17328,0.34628,0.52389,-0.81507
NaJo7C6o,0.28242,0.30533,1.2285,0.15419,0.11615
NgsyGkrO,0.18748,-0.12641,0.55896,0.58056,-1.1445
NjOx4Zpo,-0.445,-0.31447,-1.2011,1.4094,-1.008
NmQoI7x0,1.6443,0.66259,1.9601,-0.70958,-0.085024
No4wkdLS,-0.33635,-0.037094,-0.72605,-0.62281,-0.29526
NouMwhOf,-0.4442,-0.39684,0.11,-0.43713,-0.58046
O6YAWd8C,-0.014788,-0.22059,-0.093641,-0.15366,-0.95547
OAXVphSh,1.5087,-0.24196,1.5992,-0.23526,0.015983
OJBBhb6Q,-0.47143,-0.39705,-0.34653,-0.85651,1.2982
OSIQXImL,0.25968,-0.28592,0.58969,0.052348,-1.248
OUUFc5Zz,-0.45565,-0.2404,-0.09273,-0.72674,0.71966
OVk1lquT,0.349,1.6379,0.27639,1.6429,-0.12748
OXdRxjzz,-0.18782,-0.44139,-0.70928,0.2753,-0.87457
OXxW2ekf,-0.38354,-0.43287,-0.269,-0.83947,0.12037
OXz5OpqR,-0.23322,0.80021,1.1566,-0.50876,0.50593
OcBFW1AX,-0.20242,0.47812,-1.1585,0.2288,0.55943
Of9V2rpt,-0.020415,-0.046953,0.20454,-0.0048723,-0.47171
OfLxPhbG,-0.31532,0.12036,-0.12304,-0.35261,0.81961
Ojx2vi48,-0.50835,-0.2985,-0.71378,-0.72433,0.1702
P3M32iuT,-0.672,-0.33182,-0.76096,-0.92104,-0.093638
P7olVzrO,-0.15348,-0.05545,-0.30507,-0.12713,0.33113
PAPHErnv,-0.33022,0.10518,-1.0472,-0.0099861,-0.45697
PBjEtfXb,-0.53098,0.26774,-0.33266,-0.37876,0.47867
PZGpoBBj,1.7877,-0.027892,1.9523,-0.24913,-1.0938
Pc2RrxXS,-0.41388,-0.4216,-0.33661,-0.60248,-0.27158
PcHQ4FOu,-0.48102,0.20233,-0.52248,-0.1701,-0.057283
PeNyTOVN,-0.21278,0.1954,-0.013827,-0.13146,0.42656
PhUPSU53,-0.48376,-0.27005,-0.56149,-0.33065,-0.22669
PmUNeV2O,-0.30769,-0.27335,-1.0283,-0.68242,-0.32871
PoDJ0uvK,1.6701,0.56246,1.7915,0.2839,-0.33116
PsUJdJdg,-0.33725,-0.1808,-0.29582,0.83426,-0.40723
Q3xLFx1f,-0.32091,-0.1624,-0.82819,-0.14051,-0.2945
QBGxCvdM,0.025194,-0.34243,0.088716,-0.15148,-0.91015
QCEPyu6L,-0.51556,-0.365,-1.0831,0.15955,-0.59151
QEfwec4s,3.27,0.18664,1.9865,1.8085,-0.84254
QZ87Nnr3,-0.41487,-0.19159,-0.16056,-0.55037,0.65966
QlyGN9jv,-0.44433,-0.050793,-0.67137,-0.41181,0.36229
QqgWE1ny,-0.45017,0.069451,-0.34966,0.09595,-0.58637
QrjjBpZd,-0.34596,-0.13022,-0.82547,1.5003,-0.85902
QsaBiX7V,-0.44077,-0.042095,-0.16218,-0.019634,-0.098225
QtBKJuZk,-0.35592,-0.1872,-0.14697,-0.57106,0.56062
QtPRO8OJ,-0.41176,0.043245,-0.89415,-0.47308,0.58752
R8XcsFnp,-0.28907,0.22903,0.12307,-0.45802,1.5898
RROfRt9z,-0.37849,-0.35382,-0.0013731,-0.059795,-0.88384
RTcbiDGq,-0.48044,-0.2674,-0.55151,-0.41464,-0.20205
RVidM9g0,-0.027411,0.5332,1.5141,-0.93919,0.92142
RZnQSH19,-0.49651,-0.20214,-0.49052,-0.68896,0.76124
Rc4UK7fT,-0.48225,-0.063132,-0.96967,-0.2378,0.50273
RcKBKh6B,-0.37411,0.085403,-0.42752,-0.3011,0.36221
ReM5kDa5,-0.019441,-0.1803,0.049175,0.032754,-0.84995
RfntsotG,-0.39443,-0.24702,-0.51768,-0.74131,0.44408
RiXMlzXD,-0.25522,-0.39217,-0.23323,-0.5641,-0.50152
Rik83O3m,-0.4031,0.046079,-0.44324,-0.23786,-0.34587
S3PCzDzO,-0.39223,0.029563,0.85296,-0.69624,0.32622
S77BviOJ,-0.48247,0.19603,-0.53641,-0.1884,0.0093539
SDdvtktF,-0.36338,-0.23654,-0.52876,-0.13279,-0.78209
SHs1AyfM,-0.2997,0.14352,-0.23418,-0.45708,1.0014
SO4zQy9k,-0.44048,-0.16991,-0.33025,-0.69756,0.6424
SOOBCoiG,-0.46651,-0.3127,-0.093505,-0.62464,0.79771
SXkkPB7A,-0.40933,0.19053,0.5474,-0.51822,1.098
Sa93dGqq,-0.2112,0.45734,-1.0335,0.45859,0.54467
SonIG72a,-0.39575,0.13989,-0.589,-0.20469,0.40458
Suf6hIBc,-0.32763,0.0063157,0.14336,-0.55817,0.83461
Sx2JeSRz,0.16398,0.20548,0.60456,0.48059,-0.41181
T1Tlftr4,-0.40482,0.37833,0.98254,-0.70111,1.1824
T7ulR4ci,-0.47191,-0.208,-0.043232,-0.80198,1.0106
TA1NB3Br,-0.35524,0.15567,0.11867,-0.39569,0.68637
TFZUskaK,-0.078038,-0.091683,0.036332,-0.42659,-0.59026
TNL8HGWZ,0.0059274,-0.28589,-0.048562,-0.14655,-0.92122
TZ8z1GSF,-0.38117,0.14137,-0.59188,-0.35496,0.14807
TqhRvkJJ,1.1997,-0.21203,1.4636,-0.60776,-0.39488
TtJCUiY4,-0.51293,-0.12985,0.18799,-0.86562,1.2823
TwDq0lua,0.0047234,0.31264,0.54171,0.29825,-0.44715
Tzyf02sI,-0.33848,0.18736,0.43385,-0.37152,0.89757
U3yI6ZS5,3.1745,0.023437,1.9652,1.5268,-1.1219
UBLnXZAN,-0.17699,0.054428,-0.96285,2.5184,-0.67768
UBWDzleg,-0.37889,-0.75801,-1.3059,0.98326,-0.96537
UBqkX6SY,1.6484,0.19449,1.7473,-0.051115,-1.0492
UCIAi1Aj,0.0068817,-0.22464,-0.71733,0.13326,-0.80923
UPbXGvCS,0.15065,-0.36423,0.10068,-0.050923,-0.97581
UeWm1l9F,-0.22883,-0.37602,-0.97714,0.96102,-0.59906
UhucscY7,-0.44797,-0.1985,-0.6786,-0.3774,-0.50246
Uri1SvHV,0.0098963,-0.25282,0.013002,-0.065166,-1.0687
UzxipGJS,-0.61334,-0.39637,-0.61688,-0.65632,0.38917
V74zfaAQ,-0.14168,-0.21938,-0.24904,0.029326,-1.0268
VBPxBLTh,2.0819,0.20478,1.6701,0.65666,-1.1372
VLG7CXYS,-0.256,0.052966,0.11152,-0.10481,0.40248
VNk52SpF,-0.23665,-0.4467,-1.012,1.3028,-1.2303
VOREKsok,-0.49551,0.18864,-0.55378,-0.72849,1.5963
VRhTr5pX,-0.32009,-0.69908,-0.42475,-0.73302,-0.2374
VTcG4Kcw,-0.39244,0.47284,0.87583,-0.52029,0.85871
VeKiWSbS,-0.38571,0.11305,-0.06508,-0.43226,0.53272
VnU8nJHU,-0.47262,-0.16797,-0.16518,-0.333,-0.091375
VueNCxYv,-0.44361,-0.14765,-0.25997,-0.23275,0.44324
VxuQTRUl,-0.47948,-0.27152,-0.26312,-0.37441,-0.29423
W5lgaocA,1.5459,0.62684,2.6026,-0.5306,0.1589
W5mMq9Ef,-0.4216,-0.28472,-0.76263,0.3077,0.21792
WDhNqFpS,0.049832,-0.12527,-0.33297,1.2045,-1.5519
WE6n1kZi,-0.33746,-0.45223,-1.2589,0.3002,-0.74386
WFk6r3vA,-0.61101,0.16867,-0.43358,-0.3108,0.021857
WFyIrsUR,-0.52948,-0.77634,-0.59068,0.70144,-0.95294
WG6ZAsqR,-0.5718,-0.035668,-0.80801,-0.78908,1.2343
WMq3CZQk,-0.47511,-0.48357,-1.238,0.74229,-1.1872
WRskmGjh,-0.5613,-0.092463,-0.3956,-0.41469,-0.42045
WXijSglj,-0.35345,-0.30331,-0.86698,-0.46917,-0.84536
Wc0stQgu,-0.28325,-0.43483,-0.86007,0.33487,-1.0466
WewoSCUB,-0.49838,-0.33145,-0.97934,-0.73105,0.069971
WuHuhHWJ,-0.34742,-0.058954,0.088255,-0.64298,0.86587
Wv7EBtZb,1.1694,1.1205,1.5019,-0.020174,-1.0928
WyPlxDn0,-0.50356,-0.078359,-0.26563,-0.71574,0.92089
X3WqoSNN,2.1867,-0.26905,1.538,0.5452,-1.3347
XDhyP9KB,-0.64501,-0.21168,-0.56895,-0.26329,-0.53486
XQxhDRMG,-0.29129,0.24088,-0.82441,-0.20382,0.42992
XjLNAwxW,-0.11741,-0.41094,-0.24412,0.29921,-1.4087
XjfVQbXd,0.30313,0.79333,1.95,-0.31325,-0.50106
Xovczbf6,-0.56689,0.070089,-0.73468,-0.75554,1.6747
Y8H4onBf,-0.5516,-0.2898,-0.61236,-0.61974,-0.2644
Y8YgzSZ9,1.6649,1.4634,1.6293,0.67649,-0.57988
YC4PNV20,-0.46505,-0.20766,-0.22755,-0.5347,0.87651
YDHSCRdd,3.5158,0.081979,1.9545,2.073,-0.7766
YIJ87aME,-0.44108,0.017413,-0.14915,-0.26374,0.14028
YKvT4dFv,-0.4013,-0.46169,-0.4836,-0.15305,0.11402
YNebALR2,-0.37905,0.31593,-0.99928,-0.2925,0.36109
YNrnqFyb,-0.022573,0.21984,0.14179,-0.11109,0.055733
YUZ4lR3m,-0.46776,0.014034,-0.14415,-0.3292,0.34455
YYLvjoVC,-0.17441,0.51097,0.28499,-0.39949,-0.046834
Yb8OtMb2,0.18356,-0.21123,0.35637,0.15289,-0.93701
Ycg4lTYw,-0.13221,-0.2517,-0.61914,0.65995,-0.96823
Yfk6tekH,0.24977,0.4834,1.0729,-0.63532,-0.78042
YoSfgmR6,-0.48837,0.34607,-0.47013,-0.12165,-0.090234
YpzFvexy,-0.23539,-0.42421,-0.77641,-0.11863,-0.41015
Yxqppfa3,-0.24807,-0.059647,-0.0070753,0.0201,-0.71976
Z16jTUvP,-0.39339,-0.24299,-0.34507,0.027396,0.060557
Z2BdCCbJ,-0.39356,-0.007368,-0.13433,-0.45297,0.86844
Z2JJMM6V,-0.016245,0.064251,0.046083,0.07423,0.26152
Z5jE1OB5,-0.35188,-0.08649,-0.044443,-0.21781,0.39672
ZFsIqYxA,-0.19815,0.13352,-0.42714,-0.17614,-0.13837
ZHDVsoRh,-0.476,-0.39395,-0.64466,-0.33803,-0.40278
ZSmfu2Fc,-0.61084,-0.39436,-0.95587,-0.22072,0.10021
ZU8YXF3H,-0.56214,0.10077,-0.59398,-0.79523,1.6091
ZXKaNy6Z,-0.45478,-0.20143,-1.0259,-0.53143,0.61147
ZbYLo0zK,-0.08133,-0.32934,-0.075341,-0.64518,-0.052136
ZedN8Gcn,-0.45705,-0.21358,-0.32449,-0.66518,-0.23777
ZgD4Dau6,-0.21043,-0.37787,0.39691,-0.61351,-0.35755
Zgzf79LA,-0.50413,-0.45426,-1.0402,-0.74752,-0.27831
ZjqzxDOF,0.48698,0.68501,1.6745,-0.59781,-0.19914
ZsZ5aDpq,0.0011368,0.7308,0.081324,0.74058,-0.88377
ZtyqE7If,-0.48171,-0.32939,-0.37808,-0.32838,-0.83059
ZvUgz01f,-0.43256,0.080693,0.72099,-1.0376,1.0568
ZwrhgdQV,0.72312,0.11566,0.85931,1.3849,-0.66888
a7bhJGBU,1.9646,-0.19448,1.497,0.66776,-1.0939
aHpv6KzP,3.3523,-0.12586,2.1641,1.1181,-1.2471
aINzEBVN,-0.15394,-0.33653,-0.73719,-0.4016,-0.95853
aP9EtTGF,2.668,-0.51113,2.1974,-0.052102,-1.0676
aV6EhtSL,-0.3624,-0.069422,-0.22351,-0.416,-0.37345
aVZsXKoH,1.8771,-0.19824,2.0283,-0.30052,-0.99443
aYVnVJvc,0.13687,0.031103,0.25322,0.4299,-0.99683
abCzN1zx,-0.51074,-0.47388,-1.2238,0.4504,-0.86444
ae7sMiB4,-0.21739,0.34498,0.1588,-0.26825,-0.25215
afsVuCGV,-0.50876,-0.0126,-0.65653,0.30473,0.30759
aiwBQETI,0.096952,-0.2588,0.13208,-0.022571,-0.93697
aiyli4EI,1.96,2.1673,1.7735,1.8818,-0.64957
apJ7NmzD,2.293,0.15041,2.1689,0.094262,-0.97321
atVjNMtQ,-0.19538,-0.25659,-0.86605,1.0847,-1.2737
b5GirVGV,-0.36499,-0.65274,-0.26385,-0.74702,0.25956
b9SpMjNB,-0.10364,0.057589,0.23084,-0.14048,0.79926
bAFs37yy,-0.43816,-0.3241,-0.17545,-0.78362,0.79585
bDia1hHV,-0.62741,-0.44076,-0.36108,-0.17339,-0.79372
bFkv5Mtr,-0.074658,0.31301,0.13838,0.36525,-0.13325
bHe2IXgA,-0.30703,-0.27244,-1.0792,1.3573,-1.2583
bWX3vUm5,-0.047877,-0.075278,0.11081,0.15325,-0.92191
bat8tcGs,-0.2099,-0.66855,-0.33042,-0.07625,-1.0522
bfjej4wu,-0.49915,-0.18607,-0.83233,0.191,-1.0173
bh04YDiP,-0.44695,-0.61327,-0.38292,-0.031285,-0.26123
c110Fdc8,-0.34047,-0.19802,-0.36653,-0.52702,0.19313
c32GUzMa,-0.33175,0.49573,-1.0313,0.16746,0.43693
cT6uU0B0,-0.3228,-0.31173,-0.60512,-0.40615,0.68447
cWXCiFwh,-0.49848,0.33608,-0.3742,-0.1359,-0.38579
ceNvS3yd,-0.39169,-0.24216,-1.129,-0.082311,0.16987
cmwdt4Av,1.5712,0.050408,1.5618,0.18782,-1.0579
cn4EHsup,-0.19257,-0.25248,-0.89049,-0.01225,-0.31173
crVOGGTT,-0.26114,-0.28239,0.13908,-0.65556,0.81111
csPEJ1E5,-0.49767,-0.2323,-0.32449,-0.48365,-0.37522
d0UrRtMk,-0.54284,0.050821,-0.57992,-0.83734,1.5212
d6LU4G4I,-0.22331,-0.15259,-0.70809,0.51061,-0.20659
d74T1DVv,-0.47027,-0.48862,-1.1206,1.6999,-0.83041
dR6rM1tQ,-0.10921,-0.60151,0.17855,-0.14194,-1.169
dUNxOoqg,-0.35919,-0.11043,-1.0744,0.79314,-0.68776
dUnlyhj7,0.37339,-0.031512,1.3139,-0.81097,0.040735
dVDlnZQ6,-0.31677,-0.22655,-0.88976,0.48693,-1.1594
dVT26GDu,-0.25392,-0.41225,-0.20093,-0.49381,0.3429
de43ycXY,0.45169,0.6029,1.2479,-0.92139,-0.38686
dfIn7m9z,-0.60088,-0.47671,-0.80445,-0.33534,-0.37156
dhmb9ZY9,3.1753,0.051245,1.9965,0.95288,-1.1145
dn8kCuyf,-0.37831,-0.14658,-0.54652,-0.58431,0.55617
dpcquvWW,-0.48648,-0.47421,-0.57895,-0.5287,-0.12993
dqcbIMyr,-0.58071,0.10171,-1.1695,-0.23227,0.010095
drWgsBf5,-0.38898,0.10667,-0.69173,0.3112,-0.73769
dytx0HSe,-0.61452,-0.035448,-0.95055,-0.76194,1.2708
e4KkkIha,1.3645,1.2561,2.12,-0.4747,-0.64531
e9YorH4m,-0.040791,0.09838,0.17095,-0.90657,0.42099
eB9gVQ0R,-0.10237,0.2638,-0.11465,-0.52388,0.48355
eMhLFqU6,-0.35729,0.27448,-1.1716,0.16351,0.16483
eMllg1qm,0.52862,1.0335,0.79754,0.0069099,-0.7655
eNPunZ9i,-0.3213,0.22729,-1.0199,0.54179,0.16596
eS5BSM4J,-0.49815,-0.11486,-0.34527,-0.70498,1.2513
eVGMFoOI,-0.13684,0.038522,0.25378,-0.93991,0.51166
eaIwb3rG,-0.46473,0.72228,0.3409,-0.22621,1.024
eyzw8Vis,-0.50019,0.22348,-0.13955,-0.60521,1.2057
f04Ke2bN,-0.26011,0.012458,-0.57622,0.19679,0.21258
f4GA0te1,-0.44787,-0.1628,-0.51809,-0.80052,-0.040397
f7bd91h5,-0.47471,-0.22142,-0.2153,-0.78558,1.1908
fB7z9ndr,-0.39423,0.31023,0.51106,-0.57629,1.1987
fEe7AWFA,-0.49505,-0.49984,-0.034238,-0.33962,-0.82812
fJJIbgY9,0.34228,0.75969,1.1664,-0.57757,-0.69769
fQBURMvg,-0.43371,0.11287,-0.24296,-0.46624,1.0727
fS0HpOub,-0.45435,-0.41635,-0.3154,-0.61964,0.29417
fTDXauuk,0.46367,-0.10709,0.99762,-0.71144,-0.78285
favPNA2N,-0.12267,0.55097,-0.58389,0.5105,0.48468
g3Fv0U4k,-0.31463,-0.062032,-0.81455,1.0452,-0.65868
g5PKo2E2,0.19269,-0.12273,0.82047,-0.065782,-0.41498
gbjnD5fe,-0.28266,-0.54895,-0.53637,-0.75308,0.13108
ge9zqXCv,-0.3579,-0.16802,-0.85225,0.41802,-0.82332
geeqJpSE,-0.40795,-0.14946,-0.0501,-0.80275,0.85626
gqy1J2RS,0.20052,-0.11404,0.57148,0.19556,-0.78912
grlUtS3H,-0.026528,-0.064539,-0.25353,0.6024,-0.47547
gx965KYj,-0.28861,-0.10542,-0.17076,0.13768,-0.38653
h3F08Vjm,-0.42008,-0.1239,-0.031251,-0.55766,1.3006
h6FQG8Iy,-0.31767,0.4544,0.7564,-0.60368,1.069
h7ftM8b3,1.7128,0.24723,1.6728,-0.1237,-1.1938
hLrCHXZv,0.1208,-0.26437,0.28604,0.0053321,-0.90552
hQ6VBuFx,-0.13975,0.38047,-0.14484,-0.41425,0.48208
hYoR2y7w,-0.53052,0.33624,-0.47368,-0.24596,-0.80629
hf65yZkM,0.39969,0.399,0.41281,1.2362,-1.06
hjuwe1x4,-0.21503,-0.1812,0.33286,-0.33595,0.31872
hyINlsFR,-0.18935,0.56599,-0.15485,0.23332,0.71377
i0Qlm9Bv,-0.40608,-0.015574,0.10252,-0.59957,0.82961
i1VxfxMb,-0.42014,-0.20104,-0.12661,-0.61614,1.0197
i2l6jXNP,-0.48724,-0.16454,-1.1161,-0.12926,0.286
i4FgPZv7,-0.32244,0.26744,0.19915,-0.70795,1.1503
i7XtIkSi,-0.65569,0.098418,-0.47026,-0.4625,-0.28479
i9z346Ut,-0.19411,-0.057016,-0.6351,0.92123,0.58854
iDOat4cZ,2.2117,0.53839,2.0681,-0.062798,-1.012
iNv6RoSO,-0.1275,0.050201,0.024692,0.069282,0.20049
iSL9NYzy,3.661,-0.23569,2.0238,1.8934,-1.1464
iSqVc1r8,0.24029,1.0356,1.1913,-0.78985,-0.37519
iYZMftt6,-0.69184,-0.36436,-0.43792,-0.64159,-0.72049
ieTPaa3c,-0.34941,0.075734,-0.9701,-0.039734,-0.33214
if7BmzU0,-0.4394,-0.25551,-0.097345,-0.7955,0.84616
ihNz5bmx,-0.26243,0.12756,-0.76986,0.40348,-0.66105
ikJXKdIN,-0.61874,-0.34271,-0.55255,-0.98665,0.58577
iq2kxikN,0.065227,-0.28683,-0.25522,-0.078443,-0.99211
iuZEDJK7,-0.52129,-0.13496,-0.49055,-0.6923,0.67741
iyF8gVT7,-0.48195,0.0054995,0.10725,-0.66054,1.3581
j06qdQ0V,-0.37262,-0.42295,-0.43061,-0.30797,0.20684
j7hl8svO,-0.52969,-0.11396,-0.50278,-0.14369,-0.84879
j8hMoJUN,-0.38321,-0.10308,-0.74446,-0.59992,-0.29505
jNaFasbV,-0.56429,-0.67816,-1.2485,0.63178,-0.89104
jVVHeYHT,-0.60173,0.13972,0.66175,-0.67979,1.1053
jXm4ySvK,-0.34607,-0.048107,-0.12981,-0.3301,0.58371
juO5ii5l,-0.3911,0.46365,0.59855,-0.76221,0.33947
k2hdEBsU,-0.49715,-0.31049,-0.12302,-0.81153,1.2752
k3ynMfhN,0.10059,0.82582,1.3646,-0.46277,0.98039
k9C9yBtr,0.038238,-0.20434,0.28678,0.16874,-0.84561
kAKRvcRo,-0.48904,-0.13143,-0.6472,0.64927,-0.99092
kBi3R2oC,-0.35869,-0.16459,0.011443,-0.46991,-0.30763
kDWmnsXe,-0.15166,-0.36777,0.33191,-0.41116,-0.023487
kSGBd2Vh,-0.40753,-0.35425,-0.026648,-0.7854,0.57084
kT0miHPT,-0.60771,-0.34822,-0.55451,-0.53762,0.055984
kaW0TfRn,-0.35555,-0.45626,-0.053722,-0.6051,0.16045
kmg3SowO,-0.27848,-0.31764,-0.84477,0.48503,-0.52843
kpxKSlnF,2.2889,0.12078,1.9869,1.0661,-0.36628
ku2cn1MV,0.79705,1.2904,1.3659,-0.25259,-0.13696
l1su5HU9,-0.39346,-0.31998,-0.17306,-0.44294,0.35894
l8Tg2RvD,-0.43817,0.52216,0.72355,-0.70433,0.81954
lB6NsVOc,-0.44492,-0.39287,-0.14319,-0.85007,1.0621
lEcdVyKk,-0.55344,0.058961,-0.63847,-0.59812,1.1621
lH4TasGl,0.0061772,-0.11811,0.73708,-0.7947,-0.50979
lO9aggHW,-0.043351,0.24078,0.32652,0.39941,0.020519
lW3m9Vzu,-0.59991,-0.36147,-0.53265,-0.32772,-0.22217
lYLseGDP,0.25139,-0.30473,0.28181,-0.5839,0.073111
lcOnCdZi,-0.39906,0.34422,0.69051,-0.92097,-0.33123
le9YGwON,-0.12599,-0.27783,0.10222,-0.14957,-0.20577
llMvu3TX,2.2452,-0.30207,2.9081,-0.66682,-0.30605
lnHh2jFO,0.16041,0.27664,1.4283,-0.95272,-0.091082
m07CVXd4,-0.41185,0.19827,0.77998,-0.95284,1.2075
m1lPk91z,-0.31291,-0.22438,0.43885,-0.77478,1.234
m9IQdmwa,-0.41389,-0.32494,-0.35823,-0.67394,0.60278
mG9BRy5x,-0.45375,-0.047385,-0.35037,-0.11742,0.17989
mVHXnama,-0.25908,-0.44161,-0.85517,-0.41125,-0.81818
mXyrR6nU,-0.38727,-0.12832,-0.63952,-0.45754,0.63209
mbzNdxNc,-0.46671,-0.27703,-0.59641,0.22656,-0.42291
mntH7g3L,0.21434,0.5803,1.2298,-0.97503,-0.16462
msRTXP3H,-0.26037,-0.22034,0.024024,-0.0066898,0.57979
mxBjvIPR,-0.44439,-0.27768,-0.48111,-0.71281,0.34264
n8Opmfbz,1.2766,0.5869,1.6846,-0.35804,-0.52647
nOkgU29Q,-0.1114,-0.36616,-0.89367,0.67596,-1.0756
nhttf7VM,0.059119,1.1013,1.0429,-0.076141,0.21199
njLbXYa3,-0.32286,-0.30188,-0.24129,-0.54154,-0.64036
nwkIpzmh,0.43972,0.44695,1.3332,-0.22996,-0.32046
nzB1R9Zg,0.18802,-0.015422,1.0511,-0.95983,0.02901
o1rZRI84,-0.44923,-0.089191,-0.65165,-0.56457,-0.27032
o7q5Mbty,-0.33576,-0.41741,-0.18226,-0.30716,-0.9958
oCBvysqB,-0.61834,0.2118,-0.36799,-0.33183,-0.28017
oDmycTPH,-0.43367,-0.49607,-0.28539,-0.95422,0.99951
oFAXZvQv,-0.66262,0.11495,-0.47425,-0.28891,-0.10941
oHE3M1zX,0.056654,0.15228,-0.63953,1.3658,-0.068232
oMhVmSpV,-0.75838,-0.090077,-0.57681,-0.51411,-0.42412
oNsDqVbi,0.13561,0.73601,1.2276,-0.63961,-0.35652
oYAJqQk8,-0.4,-0.56186,-0.62349,-1.1243,0.25527
ob5Kb6dW,-0.59383,0.0045251,-0.81822,-0.61218,1.1031
obnzqs79,-0.45883,-0.34988,-0.95023,-0.57769,-0.4581
oncLcgRP,-0.43238,-0.38673,-0.78769,-0.26385,-0.36809
ooWVYaAe,-0.2987,-0.026673,-0.92873,1.1405,-1.1545
osdyOUnV,-0.25688,0.39055,-1.2869,0.51999,0.14477
p7H9CzCv,-0.2416,-0.39386,-1.1552,0.90247,-0.76716
p7U9hVhY,-0.39194,-0.061359,-0.52485,-0.59202,0.88385
pE6Cf1RV,-0.45436,0.34972,0.47139,-0.73486,0.82552
pI7qzotI,0.043601,0.2623,-0.07105,0.1923,-0.58985
pJrIA4sk,-0.35161,-0.64201,-0.21609,-0.49516,0.070596
pXne2CLZ,-0.40254,-0.4413,-0.6573,0.97198,-1.0291
pZMcDIOS,-0.456,-0.45181,-0.50415,-0.72639,0.62049
pavfp3cc,0.29628,-0.24568,0.8763,0.063194,-0.81435
pbQdC5L3,-0.54915,-0.39903,-0.63429,-0.60518,0.11238
pgj7aAFP,-0.20534,-0.24068,0.030556,-0.24231,0.37103
pxg8G3ed,-0.2633,0.48376,-0.036283,-0.24903,0.88511
q36Npk6l,-0.46914,-0.33711,-0.52301,-0.8957,0.9274
q4aDOVvq,0.35873,0.89372,0.94397,0.40676,-0.84963
qGmfR9CN,-0.27479,-0.37664,-1.0401,1.2356,-0.68125
qJ51ODpA,-0.32673,-0.29612,-0.90903,0.44874,-0.35714
qQX3cs3I,-0.24172,0.68697,0.90797,-0.72495,0.31963
qXeIxPb8,-0.50588,0.030505,-0.29458,-0.44889,0.85155
qYQ4MShM,0.055064,0.20426,-0.0063738,0.10527,-0.83189
qa0etnhK,0.0099353,0.034973,0.20086,-0.093706,-0.5583
qbL4sboq,-0.5611,0.3008,-0.39659,-0.72823,0.90197
qbYrsWHq,0.96183,1.2504,2.1472,-0.037608,-0.35664
r1zmcUqQ,0.5326,0.52412,0.94836,-0.92477,-0.79708
r54iHeQC,-0.35864,-0.16128,0.038186,-0.65302,0.81672
r6xrAnQV,3.4327,0.07344,2.1336,0.083172,-0.25556
r9HxnQDg,-0.080039,0.10181,0.76728,-0.19365,0.82487
rG8Puuf9,0.94412,-0.026899,1.1807,0.18011,-0.8328
rGuiefuR,-0.53919,-0.64952,-1.0804,0.19377,-0.93038
rJ19OhGP,-0.5551,0.13993,-0.49735,-0.5519,1.1928
rOCYepHd,0.071062,0.30121,0.91498,-0.56841,-0.20804
rQJaOPFI,0.03924,-0.2936,0.56377,-0.27537,-0.010796
rQhZtZeh,-0.31177,0.558,1.0791,-0.62651,1.1279
rapmok0w,-0.23015,0.86566,-1.2971,0.79089,-0.0088873
rgzfnPVu,-0.52108,0.29919,0.95926,-0.8317,0.43418
ri4qhb1S,-0.29435,-0.37674,-0.46334,-0.69887,0.37945
rqpFYzff,-0.59665,-0.17002,-0.38698,-0.59325,0.34273
rrs22coX,-0.364,0.029227,0.12762,-0.34328,1.1846
sEeUCQLc,-0.6602,-0.02149,-0.98398,-0.339,0.68848
sHScwqQl,-0.46022,0.23813,0.38418,-0.87176,1.3363
sNC7DiAt,-0.47877,-0.24013,-0.27746,-0.58784,0.91195
sNK2TSs3,-0.36136,0.11897,0.30293,-0.38106,0.9254
sO7Su6uw,-0.31292,0.44239,-1.4251,0.07212,-0.22223
sOWZx89o,-0.60542,-0.3391,-1.1416,-0.83165,1.2152
sPbRcPjC,-0.061596,-0.059308,0.08265,0.22174,-0.73989
scVUfTKI,-0.0023187,0.30162,0.20662,1.2672,-0.86645
seRaGeVv,-0.60176,-0.09644,-0.19883,-0.44539,1.1072
sgtwiYWi,-0.4263,-0.22888,-1.1181,-0.08976,-0.16308
sjmLHcT6,-0.55445,-0.25096,-0.59411,-0.66565,-0.051923
skZUZZGS,-0.36021,-0.26296,0.064663,-0.35452,0.3946
suAmzADX,-0.36662,-0.21176,-0.85328,1.55,-1.1251
t4GWLqlO,0.44391,0.090737,0.89731,-0.45715,-0.27557
t7gy6Jyy,0.38725,0.021285,0.70391,-0.71158,-0.0082879
tBadzH60,2.308,0.005856,2.3353,-0.061251,-0.7593
tXUWm0hp,-0.2312,-0.46684,-0.35542,0.50394,-0.5354
te6UPPxf,-0.68806,0.090932,-0.47469,-0.27788,-0.64214
ti2lamkL,0.16302,0.36033,0.65952,-0.41348,-0.18329
tr0lpwuU,-0.19878,-0.20243,-0.57574,1.8959,-1.2614
ttdB5C73,-0.41608,0.12039,-0.14362,-0.49875,0.79046
twS8YZu9,-0.27468,0.14578,-0.36452,-0.41032,-0.16986
tx68W34H,-0.67188,-0.62189,-1.3615,0.98123,-0.7607
tyQSX4mY,-0.35709,-0.079988,0.48237,-0.76947,0.30719
tylKCRc0,-0.45797,-0.34858,-0.37737,-0.54219,0.37606
u1544WUo,-0.37997,-0.12276,-0.7529,-0.58505,0.37958
uAw9an0d,0.081201,0.13839,0.33589,-0.30511,-0.227
uLZAEXMG,2.5418,-0.2438,1.9662,0.25318,-1.1184
uMwe1s7I,-0.57062,-0.82762,-0.68231,0.59382,-0.78544
ufhGeV3q,-0.58717,-0.25317,-0.54751,-0.57867,0.43298
uhAeGBHo,-0.23913,-0.51482,-1.3735,0.68476,-0.84884
ujHNlqpw,1.1778,1.0512,1.2665,0.21516,-0.96374
ulV6kuhB,-0.33344,0.14923,0.08839,-0.40708,0.66348
uohEnNEK,-0.45503,-0.021026,-0.83254,0.94705,-1.1041
v1lhA8I4,-0.334,-0.19808,0.31079,-0.68634,1.4224
v3JzigLI,-0.56476,-0.28726,-0.73868,-0.78606,-0.055556
v5IwjyIg,-0.40625,-0.19944,-0.69862,-0.19205,-0.89516
v6lp5TK1,-0.25445,0.05853,0.54465,-0.87463,1.2243
v8vOaaWq,-0.23757,-0.43088,-1.037,0.076429,0.13963
vAYKtoil,-0.61822,0.091276,-0.56719,-0.40314,-0.72238
vGTNQa6G,2.8501,-0.049995,2.1952,1.355,-0.46582
vQzNxHoL,-0.44002,0.21431,-0.38579,-0.47345,-0.69285
vfZGBUJm,-0.14337,-0.14141,0.018807,-0.12455,-0.52219
vlooVUoT,-0.11503,-0.079262,-0.38948,0.91599,-0.80123
vrACvd4O,-0.40602,-0.46658,-0.22168,-0.42249,-0.39627
w8hdjLwb,-0.57878,-0.074123,-0.07438,-0.71242,1.1674
wAntv4gH,0.27529,0.87205,1.7904,-0.72861,0.54202
wIUL09q0,-0.55154,-0.33396,-0.95802,-0.77422,-0.0027445
wOzx7Fgz,-0.21264,-0.4648,-0.15842,-0.52191,-0.14899
wPhjhCJQ,-0.53125,0.076713,-0.59392,-0.57792,1.2975
wQSWWmYB,-0.26901,-0.37661,-0.47961,-0.45135,0.59789
wdIMrXwy,2.0515,-0.11353,2.7173,-0.49831,-0.44392
wiL9npQc,-0.59367,-0.11586,-0.60447,-0.80423,0.95442
wnU95Cxn,1.6393,0.76338,1.9434,-0.53834,-0.86927
wpJbbjJs,0.1014,1.1316,0.94679,-0.19884,-0.067347
wsOWTAbI,1.3398,-0.045682,1.089,1.6731,-0.81797
wtdBcU3U,-0.43638,-0.16047,-0.46039,-0.81395,-0.11286
wuKXVxOc,-0.35132,0.11763,-0.68005,-0.42172,0.50752
wyzadAt8,-0.51054,-0.29849,-0.57294,-0.58903,0.75368
wzaKzYwi,0.040481,-0.36078,0.50589,-0.83811,0.84374
x6GCk4EV,-0.39558,0.11904,-0.16597,-0.40112,0.45739
x6lUi3vf,0.003723,-0.38983,0.0075022,0.39316,-1.2159
x8mwDHv9,-0.35738,-0.35532,-0.3048,-0.39028,-0.12174
xIYm6puH,0.86743,1.0212,0.30214,0.89634,-1.2472
xO6UdpsK,0.72795,0.91851,0.7314,-0.39168,-1.256
xQ2bkOvj,-0.49453,-0.45745,-0.63981,0.52918,-0.88507
xeXyDCEQ,2.8893,-0.1026,1.8505,1.2344,-1.2836
xrggHziO,-0.25383,-0.2397,0.36475,-0.73813,-0.012603
y1WMCmqQ,-0.46088,-0.51532,-0.62887,-0.61111,0.01338
yDngezhM,-0.2042,-0.16861,-0.44042,-0.68106,-0.34789
yLiFjMD0,-0.34977,-0.28971,0.11658,-0.71351,0.78371
ySwEBO7w,-0.63584,-0.0637,-0.5371,-0.13581,-0.80031
ydC9UsSm,-0.15874,-0.41069,-1.0408,0.58322,0.012449
ydEG4VBd,-0.45118,-0.014436,-0.87211,-0.45704,0.66157
yf76yWXc,-0.22892,0.7767,1.1809,-0.64154,-0.33138
yg70e63n,-0.52331,-0.02714,-0.55474,-0.22315,-0.37861
ywxtlSKv,-0.46618,-0.39595,-0.74466,-0.54619,-0.092753
yzKPQPOR,-0.46009,-0.74751,-0.62887,0.078673,-0.62289
z5cnOnZ1,-0.33377,-0.29024,-0.3056,-0.55513,-0.58777
zFLkOE0e,0.14616,0.029807,0.51527,0.40195,-0.88199
zGi72mxL,-0.72835,-0.3445,-0.49557,-0.39407,-0.80063
zN925UV3,-0.32322,-0.049889,-0.76083,0.65905,-0.85721
zTy2ih7e,-0.51889,0.32592,-0.90495,-0.46647,0.80787
zVFzAutw,-0.20886,-0.29778,-0.18938,-0.40416,0.3841
zYxNAkht,-0.49032,-0.29544,-0.69362,-0.73504,0.3759
zaWDBai3,-0.24697,0.45948,-0.075307,-0.039231,1.4035
zg3u0Zsx,-0.33901,0.41916,-0.13533,0.037831,0.019197
zlwLfdsS,-0.45114,-0.60329,-0.56788,1.5071,-1.0761
zmbKzVfl,-0.30938,0.30862,-1.2801,0.25845,0.039996
