PIDN,Ca,P,pH,SOC,Sand
09gt9UK5,-0.70018,-0.1094,-1.1305,-0.62577,0.91707
0BVvxJ6a,0.19543,0.07377,0.73571,0.11907,-0.71749
0KbdgApg,-0.042636,-0.077934,-0.097312,0.14216,-0.9651
0MnuuduB,-0.33085,0.24937,-0.45223,0.61523,-0.91028
0PcIsF9z,-0.19291,-0.11855,-1.0367,0.054759,-0.13428
0ShTFLYJ,-0.44409,-0.39179,-0.74497,-0.89738,-0.0040805
0XZh9jka,-0.48061,0.080066,-0.68482,0.71685,-0.97347
0Y7Wegri,-0.21056,0.39479,0.6491,-0.12046,0.58701
0dTqplIM,-0.00071235,-0.059203,0.26069,0.2002,-0.9854
0lNiZicC,-0.43047,0.20933,-0.74894,-0.60252,-0.30336
0rGeJ0QN,-0.33546,0.26323,-0.32308,0.31756,0.019239
0sXI9ytQ,-0.46374,0.11707,-0.44468,-0.81882,1.6452
0ukt4aP6,0.61828,0.45307,1.3921,-0.57385,-0.045973
1AGspb8f,-0.37556,-0.60839,-1.3379,0.62706,-0.88334
1Csy0gvE,-0.44746,-0.096483,-0.45477,-0.58974,0.57397
1Ic2hly1,-0.26326,0.5028,-0.018802,-0.079018,0.25357
1PPbaTwt,-0.34836,-0.037411,-0.31499,-0.50675,0.16141
1SO5VJNy,-0.36176,0.037796,0.10344,-0.49199,0.70532
1arHxK3Y,1.0659,0.75003,1.2604,0.3593,-0.66563
1fCW4Bba,-0.32299,0.22793,0.083306,-0.3573,0.37222
1qDZNvIm,-0.4986,-0.023307,-0.33361,-0.77308,1.2543
28LYJC2V,-0.4728,-0.15151,-0.9317,0.63604,-0.29216
2CzACvQq,0.52454,0.75643,1.4308,-0.38438,-0.48585
2FT3crfv,-0.41286,-0.21387,-0.23088,0.039526,-0.71166
2Fy2uHVg,-0.57807,0.038151,-0.43523,-0.62486,-0.40195
2MkMEApm,-0.388,0.34721,0.17556,-0.63242,0.62102
2NDGWEOe,0.63131,1.4313,1.6926,-0.56364,-0.4689
2NyyCiqn,-0.42204,-0.034088,-0.15199,-0.42568,0.55953
2QRzIb84,0.60941,1.1228,2.2168,-0.38864,0.057369
2QcbdrUZ,-0.29068,-0.10405,-0.060331,-0.41464,0.37373
2YgAimWK,-0.3298,0.3944,0.35766,-0.56466,0.61284
2cx85d9H,0.20323,-0.27869,0.043477,0.24092,-1.0232
2homMXMV,-0.21848,0.2612,-0.77608,0.14194,0.33657
2ldLrUtq,-0.35842,-0.2326,-0.3485,-0.50104,-0.47005
2nsACW6G,-0.16735,-0.36084,-0.73685,1.1353,-1.1525
2yMbVnWc,0.065327,0.46802,-1.0016,1.7906,0.035319
36r8sgGQ,-0.43015,-0.13659,-0.16038,-0.74352,0.78223
3NXAXCl3,-0.26249,-0.53246,-0.79819,0.35206,-1.1439
3QG0z6fl,-0.56956,-0.092239,-0.81822,-0.42883,0.032266
3WS8R9qm,-0.17352,-0.13151,-0.6739,1.637,-1.3049
3fRLm8f5,-0.3943,0.0022448,-0.99676,0.076783,0.64734
3mZhp1nQ,-0.48927,-0.20885,-0.43541,-0.53658,0.39417
3pikJXRL,-0.25401,-0.099114,-0.75284,0.3904,-0.89828
3pxOEGHL,-0.5696,-0.21658,-0.54036,-0.70558,0.70667
3ttdV3f5,-0.38807,-0.073078,-0.23129,-0.40173,-0.44259
3v4X6Mfe,0.67337,0.39155,1.4984,-0.61699,-0.084834
3wORuPiv,-0.68857,-0.35479,-0.58248,-0.43025,-0.69352
43EfrxZj,-0.038017,0.22771,0.027396,0.65038,-0.66174
457Vwm21,0.018582,0.37206,0.60244,0.30089,-0.1373
46KNnOdx,-0.37968,0.33146,-1.3231,-0.030823,0.038902
47TwNsVC,-0.30122,-0.60831,-0.98475,0.94136,-1.2922
49856RpO,-0.3751,-0.27675,-0.88813,-0.47358,-0.96794
4Ane1o2N,-0.44231,-0.50251,-0.5066,-0.48209,-0.077534
4AyVUgSc,-0.37469,-0.21081,-0.67863,-0.64242,-0.489
4B1951On,-0.21582,0.16432,-0.10061,-0.34846,0.048828
4OL39Teo,-0.07371,0.71574,0.067705,0.60895,-0.43165
4eQ90eLY,-0.29756,0.077981,-0.089716,0.43995,-0.45674
4o5jwMj8,-0.33667,-0.065633,-0.40265,-0.57115,0.34505
4vPgpl2c,-0.4051,-0.2543,-0.27469,-0.55401,0.49374
51r9aA0d,-0.2856,-0.18435,-0.56969,-0.78205,-0.51781
58SmeRoP,0.11672,0.26433,-0.019947,0.066459,-0.50933
5HJp1AXn,-0.46296,-0.18109,-0.69416,0.76909,-0.26452
5MBZW7fx,-0.16984,0.34501,0.94797,-0.53362,-0.15678
5Nq3gHaP,0.28929,1.4331,0.37076,1.064,-0.36482
5RmwFFK3,0.78283,0.71742,0.39748,0.24437,-1.1826
5Tu5Jbov,-0.61071,0.13198,-0.58733,-0.29617,-0.36115
5YEolkev,-0.42678,-0.26285,-0.17511,-0.5512,-0.48125
5a8sf6QV,-0.027803,-0.033819,0.35888,0.015755,-0.82462
5eSvmqYm,-0.45348,-0.21746,-0.25205,-0.60736,-0.2808
5hkN8fiv,-0.24136,-0.36479,-1.0338,0.75912,-1.0202
5oK8Gti5,-0.63494,-0.2346,-0.49529,-0.62309,1.2751
5paniGaU,-0.59403,0.13399,-0.94136,-0.78155,1.5933
5vsr7ZUP,0.61532,-0.23717,0.9381,-0.24365,-0.68851
60B4xMWI,-0.37096,0.54364,1.2397,-0.87271,0.52351
64jOUtKy,0.37977,1.1064,0.023114,1.6951,-0.81864
6AJo4xNG,-0.11105,0.42862,0.091437,0.181,-0.041442
6CAvhEte,-0.40457,0.00798,-0.59648,-0.44572,0.18403
6CuGYjT5,2.4604,-0.24356,1.8842,0.67935,-1.4041
6DGH8ujZ,-0.36495,-0.11863,-1.133,0.21185,-0.6671
6PzsGdVm,-0.25817,-0.18668,-0.8962,0.391,-0.54389
6UcSJMbq,0.13279,0.46242,0.89952,-0.97827,0.083847
6WJbkH8U,1.1064,-0.077717,1.5492,-0.22855,-0.93335
6eUWsVzw,0.15645,0.00031702,0.92032,-0.10891,-0.66122
6gNyO7Do,0.17362,-0.11619,0.14034,0.38546,-0.97677
6jT0AyHe,-0.022575,-0.2001,0.25713,0.26534,-1.0775
6nBgCvWu,-0.34,-0.061757,-0.10771,-0.53606,0.81069
6ro5mqg6,-0.348,-0.27153,-0.19633,-0.404,0.28605
6sGqObX4,-0.65765,-0.10531,-0.58013,-0.38712,-0.58276
6uEGy0n4,1.7442,0.034072,1.8802,-0.25612,-1.0858
7BZ4LxP8,-0.033742,-0.33672,0.25168,-0.2733,-0.68469
7CmigXKi,-0.40342,0.038803,-0.7882,-0.52661,0.0033982
7Ga0LpfR,1.0481,1.7904,-0.032316,2.2248,-1.0646
7PQsFvsG,-0.2748,-0.20639,-1.3406,1.035,-0.75951
7aF7nnwn,-0.52494,-0.25643,-0.78832,-0.80573,0.57126
7asGzfX9,-0.25665,-0.050737,-0.038854,-0.30324,-0.1263
7cg7C92o,-0.0021049,1.6958,0.35824,0.71788,0.041543
7eOxTpsB,-0.29541,0.20127,0.61781,-0.57305,1.1382
7ey0v7ma,-0.28352,-0.50288,-0.56125,0.1236,-1.1659
7gocyrYl,-0.28733,-0.05018,-0.46485,0.79283,-0.14537
7gqR3GoA,-0.49739,-0.35701,-0.65228,-0.37525,-0.44518
7og7aUXB,-0.38287,-0.10365,0.13587,-0.2776,-0.38728
7onRfa8F,0.022259,0.19434,0.27657,-0.29308,0.68755
7umkNuxM,-0.22385,-0.40387,-0.17037,0.19298,-0.53828
7vPr9ExD,-0.0075926,0.11374,0.1705,0.071885,-0.78357
7zNjpCzu,-0.45391,-0.11001,-0.35298,-0.18174,-0.67355
7ztsQNj3,-0.59499,0.03852,-0.5736,-0.19065,-0.44102
86gppwMI,-0.46727,0.11002,-0.58568,-0.26676,0.79347
88thAGdL,-0.35419,0.12631,-0.34891,-0.33254,-0.25069
8GhU8STP,1.2124,0.63313,1.3191,0.32281,-1.1495
8NlzDcWe,-0.36615,-0.24078,-0.88076,-0.6098,-0.2944
8QAejdLW,-0.10922,-0.019732,-0.20853,0.19444,-1.0288
8RDeFxWM,-0.43986,-0.024327,-0.15414,-0.61963,1.1968
8UXP2NBS,-0.33825,-0.12109,0.061259,-0.44214,0.30984
8ZoV3KGT,-0.31295,-0.12436,0.017544,-0.25307,-0.46265
8ajs2uG8,-0.48187,-0.058774,-0.86332,-0.2961,-0.54011
8bXnz62p,-0.19535,1.1211,0.38856,0.25248,0.58294
8nO1O1LG,1.9106,0.68564,1.3765,1.4807,-1.0246
8xE1p8g8,-0.53666,0.051372,-0.47289,-0.36307,-0.17407
8yMDVMRM,-0.46625,-0.19201,-1.2135,-0.52369,-0.74099
98R5VaPi,0.64105,0.2693,2.2046,-0.72965,0.63422
9DcTz2Ua,2.647,0.00022144,2.0324,0.89217,-1.1074
9G7nfUrK,-0.27891,-0.30676,-0.12215,-0.50377,0.35929
9O6GZ1HT,-0.054071,0.6801,1.0263,-0.71637,-0.46993
9S7fCoAM,-0.30152,-0.078463,-0.07607,-0.4571,0.41669
9iQwmFJR,-0.34164,-0.23917,-0.12714,-0.5977,0.042314
A3Mt6SAQ,1.0829,0.12477,2.4818,-1.0453,0.35004
AJIsQIcV,-0.51261,-0.062384,-0.61639,-0.43653,0.25538
AMHKXMh8,1.7359,0.4975,1.7783,-0.13106,-0.96631
ASwA2J4E,-0.32655,0.042264,0.14652,-0.44747,0.65839
AaFvEoHq,-0.42975,0.13919,0.62437,-0.75789,0.92473
AiIPD6hX,-0.47424,-0.13672,-0.47051,0.44617,-0.42707
AsIURvJS,-0.58695,-0.2462,-0.80795,0.66457,-0.93773
AsvgbJ0C,-0.098493,0.040856,-0.70994,0.62025,-0.15206
AxEhbkCM,-0.39873,0.43936,-0.58709,-0.5691,-0.41356
B7VPkIpx,-0.57516,0.36118,0.88425,-0.75973,0.60951
BBwHqHiH,-0.096236,-0.18962,0.0018832,0.077615,-1.0033
BMyps8hr,-0.33486,-0.21232,-0.27706,-0.20224,-0.4809
BUHS4dQw,0.47896,0.60134,-0.049085,3.2687,-0.75286
BZB3EYWQ,-0.34244,0.0085846,0.01917,-0.40653,0.65326
C5UPCZcL,3.4162,-0.12536,2.1542,0.82677,-1.1326
C5gIfQbJ,-0.35496,-0.42554,-1.1016,1.3717,-1.1035
CDRuu4Pn,-0.50895,-0.30475,-0.28597,-0.77648,1.0006
CQhTYkqE,0.24783,0.12795,0.65125,0.18298,-0.89271
CSEobMXv,-0.29062,-0.23242,-0.85445,0.99137,-0.83156
CYMQE4x0,0.072135,0.78283,1.2091,-0.26714,0.44034
ChQdtl4J,-0.39309,-0.17087,-0.1631,-0.55418,0.23312
ChnD1nrN,-0.39674,-0.13755,-0.64797,-0.65558,-0.49197
CvtbbIcq,1.1557,0.56445,1.587,-0.093069,-0.271
Cxk06b77,-0.21546,0.8305,0.6554,-0.058579,0.0761
D3QD3ZEJ,-0.1002,-0.14411,-0.27658,0.40115,-0.17698
D8J5C6lA,0.55249,1.3153,0.93766,-0.11834,-0.88002
DCeQwYfT,-0.13624,-0.042393,0.045114,0.11674,-0.43474
DDEftkx3,-0.55818,0.041913,-0.81697,-0.6779,1.3015
DEwCfeDW,-0.38598,0.80869,-0.08374,0.12209,0.5781
DMkIV4oL,-0.51954,-0.13933,-0.73137,-0.71185,0.82286
DnzGfbxS,-0.22758,0.022665,0.015669,-0.04652,-0.69377
DoZxo6f6,-0.42479,0.044219,-0.090677,-0.58175,0.59333
DvhBPGIk,-0.58345,-0.47723,-0.42824,-0.45083,-0.34164
Dx7GoUcT,-0.37615,-0.12064,-0.13955,-0.68527,0.91767
E5hIjohO,0.41417,-0.26855,0.40438,1.0161,-1.3881
E6x4XGHt,-0.63856,-0.12492,-0.69201,-0.6223,1.1179
EDEpAzh1,-0.49707,-0.065424,-0.46164,-0.32863,-0.48195
ETGudkQt,-0.31758,0.53399,0.21796,-0.4883,0.20499
EUleKrLJ,2.0786,0.10293,1.8394,0.76578,-0.86532
Ehw2Jz6s,-0.42627,0.24185,-0.63443,-0.4251,0.035855
EjqzC4zH,-0.48308,0.091159,0.42318,-0.75965,0.58314
EkMZO3Qj,-0.37184,0.78486,0.15703,-0.54856,0.4856
EnoNXWvU,0.11033,0.52924,0.98566,-1.0229,-0.040661
Epv8ANwr,-0.34182,-0.31343,-0.37666,0.34672,-0.16166
Etro9j0B,-0.061228,2.0201,0.35336,-0.092524,0.032761
F3MIZj76,-0.017198,-0.08962,-1.0297,0.13238,-0.85186
FB8tU00K,-0.5152,-0.17935,-1.0542,0.49157,-0.25826
FLhxBGMK,0.092785,0.072044,0.39621,0.043758,-0.9525
FRreR8ka,-0.41412,-0.24437,-0.40063,-0.27575,0.18167
FXne4oAV,0.40605,1.0686,0.86864,-0.33064,-0.76602
FaW764jk,-0.22186,1.1152,0.70934,-0.23725,0.40273
FeAbMXly,-0.56836,-0.21885,-0.90563,-0.61904,0.80726
FeudaFXn,1.7497,-0.25486,2.0109,-0.34521,-1.006
FldUmFeM,1.5912,-0.18628,1.971,-0.76814,-0.20488
Fnv5tfAm,-0.69802,0.080891,-0.67538,-0.1279,-0.49219
FvrAd3Or,-0.15438,0.10876,0.84079,-0.90178,0.43842
G48zHffi,0.12431,0.41311,1.3092,-0.74026,0.47739
G76zCv5N,-0.3574,-0.24814,-0.65938,-0.48082,-0.31809
G7JGUdNf,0.028053,-0.22815,0.2807,0.027425,-0.99472
GCo6MONx,1.1073,-0.093553,1.0799,0.51188,-1.0437
GE0vbpVQ,-0.32082,0.014511,0.19545,-0.61146,0.66167
GN0DfOqt,-0.31787,-0.48973,-0.13674,-0.56033,0.31471
GNsTAb1v,-0.51111,0.19279,-0.52586,-0.30367,-0.73734
GPwmO21z,-0.43934,-0.40603,-0.46173,-0.010619,-0.47814
GQYpfLoh,0.89049,0.39404,0.19841,0.53491,-1.2028
GR9knT8n,-0.25855,-0.21888,-1.2776,0.91518,-0.74698
GXtFFbZy,0.33684,0.51689,0.47142,0.031982,-0.17078
GYvzvvFD,-0.59443,0.26436,-1.152,-0.10885,0.27854
GemPjTJ9,-0.20243,-0.051633,-0.90935,0.54924,-0.69598
GkLYRm1K,1.7851,0.21048,1.8333,-0.27947,-1.1707
GmlqP8eI,-0.4759,-0.31246,-1.0007,-0.63522,-0.72347
GqkIrOvf,-0.35998,-0.24495,-0.88179,1.1722,-0.85537
H0fsegPi,-0.48549,-0.1496,-0.40985,-0.53092,0.43612
H4dHpJjU,2.1364,0.2033,1.711,0.83474,-1.0105
H5QwJCuU,2.0357,2.0651,2.0468,0.80553,-0.77877
H5uwmSZ0,-0.47619,-0.14601,-0.42429,-0.64178,0.40022
H8MtbVoL,-0.14232,0.0043828,-0.19427,-0.23449,-0.57558
H9JrUYnp,-0.35426,-0.11426,-0.21914,-0.1492,0.20453
HHYmmHVk,-0.53108,-0.15086,-0.5,-0.77453,1.3015
HJ5U4uqL,-0.5355,-0.080168,-1.4542,-0.46411,-0.41363
HNQxYc4w,-0.32517,-0.20864,-0.27334,-0.53121,-0.020728
HQYhKHZ8,-0.48731,-0.096823,-0.92849,-0.51212,-0.37937
HSCMx0MC,-0.44582,0.16025,-0.14255,-0.57257,1.0433
HXYuE0fx,2.4192,-0.16042,1.8937,0.32136,-1.1712
HdKcxEWr,0.12777,1.1487,0.75416,0.64711,-0.29293
HecW1iCC,-0.61425,-0.18509,-0.47271,-0.55124,-0.62518
HpbKB8rv,-0.21594,-0.10113,-0.87351,0.67424,-1.1303
HrkoYjCg,0.09822,1.0831,-0.19991,1.3843,-0.76623
I5P2uquT,-0.234,0.015213,0.0094347,-0.35649,0.32072
I94qkDM7,-0.49505,0.26766,-1.109,-0.22648,0.3726
I9sQbtt8,-0.14573,0.119,-0.88823,1.743,-1.1103
IFxgw6ZX,-0.65437,-0.25706,-0.1906,-0.53841,-0.24435
IPPPSyoU,-0.47221,-0.30125,-1.1208,0.042458,-0.77987
IQOYQubU,1.8317,-0.14407,1.6526,0.25555,-0.93749
IYNE2SxU,-0.61704,-0.039748,-0.55825,-0.15803,-0.52297
IZRFk9kN,-0.26715,-0.054073,0.21757,-0.3513,-0.11917
Iaq3v0t3,1.2861,0.20562,2.4363,-0.93076,0.071108
IbVwu1t6,-0.37716,-0.24788,-1.1509,-0.11011,-0.71287
IcHKTLyo,0.11223,-0.0066865,0.047233,0.099708,-0.97069
IpW80wVB,-0.15058,-0.13826,-0.50098,-0.10034,-0.32363
Itb0PYUV,1.8902,0.090182,1.5728,1.0181,-1.1635
J8fpSwS0,-0.45965,0.27815,0.56822,-0.74031,1.0888
JE1SlbD0,0.68571,1.3328,0.47975,2.2295,-1.2216
JEB4McNb,1.0504,0.053446,1.4448,-0.18776,-0.97571
JEE4QVeQ,-0.073713,-0.18203,-0.11366,-0.27977,-0.79385
JJSEU2VQ,-0.54623,-0.089171,-0.64821,-0.60148,0.92361
JSsVriP2,0.12057,-0.082768,1.0315,-0.76715,-0.028826
JUvQNiOK,-0.086526,0.6374,0.73155,-0.40435,0.40136
JZbrRtm2,0.22921,0.32478,1.398,-0.83305,-0.35464
JcE9G92B,-0.018538,0.077216,-0.066092,1.0311,-0.6408
JnNYpXHr,0.56855,2.2605,0.15801,2.1146,-0.67336
JzpbnOtz,-0.37147,0.32772,0.1207,-0.55183,1.0211
JzzUhPQp,1.8004,0.99765,1.8389,-0.19205,-1.1942
K05R8dQK,-0.38139,-0.19123,-0.82399,0.60912,-0.49936
K17pG2mG,-0.25584,-0.14433,0.39745,-0.78068,0.92441
K8BellUe,-0.04897,-0.65203,0.17916,-0.28741,-1.1745
KJ2eH6rr,-0.018763,0.22797,0.12685,-0.36115,-0.73593
KJEJ6Glk,0.58288,0.83034,0.40936,1.5451,-1.2883
KSbO0oXS,0.37851,1.3383,0.019769,1.9668,-0.98297
KXtvmd01,-0.40232,-0.33257,-0.3249,-0.52443,0.18185
KYiJqBuJ,-0.03111,-0.28879,0.62813,-0.46857,-0.69921
KmbAyTcE,-0.26697,0.079257,-0.02454,-0.41803,-0.29113
KnNyl3rV,-0.13496,-0.027234,1.229,-0.43624,0.88806
Kp2DG8TZ,-0.58194,0.28269,0.67716,-0.73424,0.97187
KqQtKWs5,-0.51363,-0.19251,-0.81318,-0.54694,-0.16598
Ku27g63R,2.5783,0.70504,2.1626,0.57502,-0.72001
L2aTVqDq,-0.35594,-0.3218,-1.1614,0.66091,-0.82701
L5jvq6G4,-0.49415,-0.16634,-0.66025,-0.63504,0.18924
L91hYVQl,-0.45635,-0.24117,-0.76665,-0.84506,-0.35068
LINAMlbA,-0.36752,0.11282,-1.0851,0.2298,0.25707
LJoUNXSx,-0.37619,0.098451,-1.2336,0.18428,-0.60871
LLtSiyWD,-0.43304,-0.3036,-0.70809,-0.52411,-0.18643
LQJtV8kn,-0.063813,0.11783,0.47486,-0.07832,-1.0406
LW9uddw7,-0.21295,-0.37023,-0.61039,0.77548,-1.3109
LZ6sdBTR,0.86512,0.56586,1.0596,0.22516,-0.77179
La2Vhnne,0.41603,0.14957,0.34106,1.4561,-0.70404
LaUWSq9B,-0.020404,0.0053274,0.27355,-0.055412,-0.79676
Lk4SfkPQ,-0.66292,-0.40485,-0.7934,-0.21317,-0.7436
LllC836d,-0.010501,0.066078,-0.60878,0.5295,-0.26875
LuGiGeWN,-0.4252,0.16774,-0.91503,-0.11857,0.54148
LzcyHcWa,-0.48687,-0.031888,-0.52017,-0.61199,1.0102
M7veP0H4,-0.36597,0.49194,-0.12552,-0.23619,0.64574
MB8aaJUc,-0.0040571,0.36637,-1.1604,0.99078,-0.1951
MDpe2zuy,-0.54438,-0.17278,-0.51902,-0.43435,-0.59398
MEzdmEIU,-0.44083,-0.31434,-0.18509,-0.42868,0.051639
MVnhtivm,-0.31827,-0.33928,-0.70336,-0.21423,-0.62799
MYU7WDis,-0.47585,0.269,0.80828,-0.83541,0.83365
MZFqh6yw,2.1101,0.52462,2.2116,-0.23686,-0.13977
Mdgy4SsO,0.90641,1.0708,0.22655,1.6183,-1.3053
Mj8awnzy,-0.33953,-0.070794,0.28343,-0.74367,1.1917
MpFPbUJy,1.9458,0.63672,1.6013,0.76361,-1.1432
Mqk7MFBM,-0.32873,0.59585,0.45778,-0.58681,0.47807
Mqs2t1Eo,-0.59398,-0.065256,-0.54799,-0.13288,-0.34002
Mv3jFVxp,-0.32058,-0.1208,-0.034794,-0.23447,0.33206
MxODTXvA,0.15251,0.12356,0.33049,0.19298,-1.0531
N46PbpPM,-0.45017,-0.09798,0.16976,-0.63053,1.5889
N5S5F9Gk,-0.46105,0.38985,-1.1041,-0.075021,0.66358
NLDg5fqw,0.33878,-0.095692,0.25025,-0.292,0.067416
NOho2ZiM,2.5214,-0.11055,1.8906,0.59146,-1.3076
NUuY7PFU,1.9889,0.50571,1.4741,1.2343,-1.3949
NV1e8AEO,-0.39678,0.10405,-0.18387,-0.51822,1.2031
NZLXROKC,-0.019798,0.27275,0.29226,0.51026,-0.8444
NaJo7C6o,0.32545,0.33305,1.0494,0.076951,-0.026945
NgsyGkrO,0.19455,-0.028052,0.5262,0.59303,-1.1675
NjOx4Zpo,-0.42379,-0.21557,-1.1835,1.4553,-1.1494
NmQoI7x0,1.5511,0.76093,1.9092,-0.51218,-0.18857
No4wkdLS,-0.3707,0.12451,-0.73157,-0.71008,-0.27922
NouMwhOf,-0.38201,-0.34795,0.16251,-0.40779,-0.61999
O6YAWd8C,-0.046491,-0.23407,-0.076973,-0.083334,-1.0356
OAXVphSh,1.6837,0.049731,1.6582,-0.14442,-0.23691
OJBBhb6Q,-0.47777,-0.30656,-0.47758,-0.7504,1.3272
OSIQXImL,0.3426,-0.15176,0.66694,0.24971,-1.2598
OUUFc5Zz,-0.41925,-0.13943,-0.10203,-0.72359,0.64732
OVk1lquT,0.27776,1.8229,0.24036,1.644,-0.13338
OXdRxjzz,-0.17552,-0.32173,-0.7965,0.25102,-0.93883
OXxW2ekf,-0.41373,-0.46814,-0.28037,-0.84917,0.080185
OXz5OpqR,-0.19761,1.1338,1.0533,-0.42848,0.32421
OcBFW1AX,-0.23509,0.3225,-1.11,0.28528,0.35956
Of9V2rpt,-0.069339,0.060557,0.20133,0.0095668,-0.4766
OfLxPhbG,-0.26514,0.13694,-0.065957,-0.21167,0.73629
Ojx2vi48,-0.43507,-0.092884,-0.72093,-0.66753,0.12087
P3M32iuT,-0.57597,-0.32765,-0.78854,-0.8256,-0.13991
P7olVzrO,-0.16147,-0.0030519,-0.28772,-0.23848,0.38006
PAPHErnv,-0.40912,0.045409,-1.1163,0.0031679,-0.55957
PBjEtfXb,-0.40869,0.26403,-0.31428,-0.43094,0.52742
PZGpoBBj,1.7492,0.038179,1.9413,-0.28938,-1.0796
Pc2RrxXS,-0.35522,-0.3272,-0.30007,-0.4965,-0.33434
PcHQ4FOu,-0.4659,0.24118,-0.48851,-0.21516,-0.092563
PeNyTOVN,-0.3216,0.28593,-0.073631,-0.15842,0.26416
PhUPSU53,-0.53869,-0.15612,-0.53196,-0.25011,-0.25563
PmUNeV2O,-0.31909,-0.064986,-0.91647,-0.69287,-0.39106
PoDJ0uvK,1.5285,0.9431,1.829,0.3101,-0.51885
PsUJdJdg,-0.35457,-0.14634,-0.31111,0.75969,-0.43536
Q3xLFx1f,-0.39489,-0.091881,-0.94708,-0.18484,-0.44149
QBGxCvdM,-0.073473,-0.20739,0.15313,-0.15025,-0.91097
QCEPyu6L,-0.5132,-0.31037,-0.99337,0.25146,-0.59929
QEfwec4s,3.192,0.38402,2.0163,1.9215,-0.79821
QZ87Nnr3,-0.37985,0.016239,-0.24004,-0.5081,0.60994
QlyGN9jv,-0.58085,-0.061214,-0.54213,-0.26411,0.31847
QqgWE1ny,-0.46107,0.17479,-0.38593,0.052394,-0.57748
QrjjBpZd,-0.25751,-0.22401,-0.93206,1.4136,-0.86857
QsaBiX7V,-0.44339,0.076967,-0.15206,-0.098742,-0.16648
QtBKJuZk,-0.38538,-0.039392,-0.16827,-0.49737,0.44185
QtPRO8OJ,-0.57782,0.074309,-0.93417,-0.51036,0.4089
R8XcsFnp,-0.37312,0.26474,-0.13536,-0.49313,1.4931
RROfRt9z,-0.36942,-0.25226,-0.0078052,-0.09103,-0.89481
RTcbiDGq,-0.40953,-0.23355,-0.59187,-0.41983,-0.26205
RVidM9g0,-0.051263,0.61575,1.5385,-0.87901,0.9126
RZnQSH19,-0.4887,-0.077837,-0.50946,-0.61816,0.76894
Rc4UK7fT,-0.61082,0.10851,-1.0962,-0.14438,0.35941
RcKBKh6B,-0.36403,0.062034,-0.39313,-0.33267,0.36069
ReM5kDa5,-0.050452,0.027456,0.050015,0.081253,-0.81082
RfntsotG,-0.51428,-0.13299,-0.57081,-0.65614,0.42749
RiXMlzXD,-0.20269,-0.13884,-0.21985,-0.4674,-0.5841
Rik83O3m,-0.41743,0.046412,-0.52503,-0.42293,-0.319
S3PCzDzO,-0.34075,0.15252,0.72298,-0.72382,0.21297
S77BviOJ,-0.46107,0.26822,-0.50884,-0.26041,0.0079387
SDdvtktF,-0.37091,-0.14969,-0.60732,-0.11957,-0.81423
SHs1AyfM,-0.33584,0.24788,-0.22762,-0.37168,0.89394
SO4zQy9k,-0.5199,-0.125,-0.30742,-0.63167,0.55577
SOOBCoiG,-0.44854,-0.33274,-0.005005,-0.66619,0.87446
SXkkPB7A,-0.33948,0.34494,0.44967,-0.40361,1.1617
Sa93dGqq,-0.34908,0.36253,-0.96811,0.56455,0.45388
SonIG72a,-0.50256,0.14483,-0.43947,-0.10481,0.38213
Suf6hIBc,-0.32935,0.013209,0.1832,-0.49665,0.77229
Sx2JeSRz,0.14509,0.14217,0.51807,0.41993,-0.46996
T1Tlftr4,-0.26482,0.41909,0.82102,-0.6512,1.1632
T7ulR4ci,-0.48599,-0.15991,-0.08669,-0.85711,0.87861
TA1NB3Br,-0.32104,0.083631,0.10699,-0.40594,0.59873
TFZUskaK,-0.066662,-0.11749,0.085335,-0.3787,-0.82944
TNL8HGWZ,-0.067227,-0.10464,-0.045395,-0.14609,-0.88636
TZ8z1GSF,-0.51745,0.09243,-0.7028,-0.37003,-0.027104
TqhRvkJJ,1.0987,-0.24324,1.446,-0.58916,-0.44618
TtJCUiY4,-0.43539,0.055794,-0.00039847,-0.74783,1.2529
TwDq0lua,-0.01278,0.37566,0.43699,0.24059,-0.49622
Tzyf02sI,-0.37956,0.11182,0.36367,-0.40602,1.0176
U3yI6ZS5,3.2015,0.063045,1.9755,1.6234,-1.1147
UBLnXZAN,-0.093988,-0.10666,-1.1233,2.3571,-0.74132
UBWDzleg,-0.31455,-0.52017,-1.308,0.98394,-0.88753
UBqkX6SY,1.5954,0.27621,1.7283,-0.13316,-1.0503
UCIAi1Aj,-0.20291,-0.24569,-0.73334,-0.045677,-0.78075
UPbXGvCS,0.013206,-0.28365,0.18637,0.016485,-1.038
UeWm1l9F,-0.20665,-0.16738,-0.98942,0.90319,-0.54721
UhucscY7,-0.40676,-0.066151,-0.56817,-0.40326,-0.56083
Uri1SvHV,-0.097015,-0.16502,0.058587,-0.0090919,-1.1111
UzxipGJS,-0.51444,-0.40046,-0.5748,-0.54462,0.30438
V74zfaAQ,-0.16995,-0.10217,-0.23708,0.1019,-1.0564
VBPxBLTh,2.0302,0.28083,1.6545,0.68863,-1.1998
VLG7CXYS,-0.27874,0.094004,0.067899,-0.17751,0.38481
VNk52SpF,-0.29946,-0.39532,-1.005,1.1556,-1.4039
VOREKsok,-0.53543,0.2655,-0.56119,-0.75274,1.6157
VRhTr5pX,-0.37293,-0.67752,-0.29223,-0.63189,-0.24492
VTcG4Kcw,-0.29589,0.52392,0.73283,-0.47694,0.89815
VeKiWSbS,-0.32403,0.0043635,-0.080937,-0.39986,0.47057
VnU8nJHU,-0.43086,-0.099946,-0.074855,-0.4077,-0.12119
VueNCxYv,-0.40571,-0.17518,-0.29367,-0.23246,0.34975
VxuQTRUl,-0.48362,-0.15266,-0.29392,-0.38592,-0.35006
W5lgaocA,1.4596,0.73314,2.5526,-0.44306,0.007461
W5mMq9Ef,-0.42309,-0.13969,-0.77997,0.29447,0.18207
WDhNqFpS,-0.014813,-0.24218,-0.28572,1.2179,-1.4441
WE6n1kZi,-0.3795,-0.26295,-1.343,0.30797,-0.78237
WFk6r3vA,-0.5651,0.21739,-0.41683,-0.38372,-0.053253
WFyIrsUR,-0.44906,-0.69229,-0.68147,0.4949,-1.0307
WG6ZAsqR,-0.59512,0.031985,-0.81799,-0.7724,1.2476
WMq3CZQk,-0.468,-0.39667,-1.2375,0.82093,-1.303
WRskmGjh,-0.5961,-0.10529,-0.45336,-0.53476,-0.49343
WXijSglj,-0.3754,-0.23813,-1.0245,-0.43371,-0.85178
Wc0stQgu,-0.27814,-0.31796,-1.0218,0.34416,-1.0723
WewoSCUB,-0.46957,-0.28724,-1.0125,-0.66579,0.006143
WuHuhHWJ,-0.40473,-0.061948,0.15395,-0.6053,0.80349
Wv7EBtZb,1.1208,1.2964,1.5363,0.092456,-1.0155
WyPlxDn0,-0.47999,-0.004232,-0.28225,-0.65823,0.92237
X3WqoSNN,2.1568,-0.19308,1.5725,0.67097,-1.3516
XDhyP9KB,-0.64389,-0.15499,-0.64399,-0.19512,-0.50725
XQxhDRMG,-0.41022,0.18095,-0.9011,0.02536,0.5064
XjLNAwxW,-0.17225,-0.41726,-0.23327,0.26002,-1.2729
XjfVQbXd,0.40269,1.0048,1.7625,-0.43129,-0.4839
Xovczbf6,-0.53274,0.15049,-0.75773,-0.72925,1.6748
Y8H4onBf,-0.55992,-0.26234,-0.56376,-0.57839,-0.21801
Y8YgzSZ9,1.6084,1.5252,1.681,0.86131,-0.59112
YC4PNV20,-0.37469,-0.1027,-0.18969,-0.59597,0.87724
YDHSCRdd,3.4919,0.14139,1.9353,2.2006,-0.69032
YIJ87aME,-0.46364,0.11241,-0.22697,-0.25473,0.010659
YKvT4dFv,-0.37579,-0.35142,-0.6111,-0.18706,0.060759
YNebALR2,-0.48516,0.19548,-1.01,-0.18953,0.29104
YNrnqFyb,-0.10878,0.21406,0.077473,-0.15697,-0.025362
YUZ4lR3m,-0.37798,0.17283,-0.1588,-0.41477,0.28222
YYLvjoVC,-0.067937,0.49481,0.36995,-0.22017,-0.088866
Yb8OtMb2,0.04777,-0.079655,0.4086,0.213,-0.99257
Ycg4lTYw,-0.19481,-0.25615,-0.74386,0.46835,-1.1696
Yfk6tekH,0.20823,0.53558,1.0613,-0.62564,-0.76472
YoSfgmR6,-0.5582,0.22259,-0.55122,-0.17376,-0.15454
YpzFvexy,-0.29425,-0.1574,-0.76736,-0.0074599,-0.38783
Yxqppfa3,-0.272,-0.0042196,0.075445,-0.0025097,-0.76657
Z16jTUvP,-0.3949,-0.28435,-0.48616,0.00042316,-0.015365
Z2BdCCbJ,-0.37812,0.057278,-0.056533,-0.44151,0.93743
Z2JJMM6V,-0.16666,0.07612,0.14701,-0.03849,0.26019
Z5jE1OB5,-0.40467,-0.057201,-0.081051,-0.24336,0.34094
ZFsIqYxA,-0.17119,0.10912,-0.48538,-0.1929,-0.21143
ZHDVsoRh,-0.51925,-0.28727,-0.67524,-0.27712,-0.46663
ZSmfu2Fc,-0.69469,-0.29922,-0.70686,-0.16242,0.086616
ZU8YXF3H,-0.55638,0.16183,-0.60568,-0.77836,1.6076
ZXKaNy6Z,-0.49182,-0.14817,-1.0608,-0.47882,0.46821
ZbYLo0zK,-0.27903,-0.19408,-0.09576,-0.58261,-0.09277
ZedN8Gcn,-0.54116,-0.082541,-0.37954,-0.58143,-0.3097
ZgD4Dau6,-0.21523,-0.33211,0.40252,-0.5928,-0.35015
Zgzf79LA,-0.4674,-0.32945,-0.98621,-0.67528,-0.31147
ZjqzxDOF,0.386,0.84585,1.7198,-0.61616,-0.27324
ZsZ5aDpq,0.011442,0.71865,0.089135,0.82256,-0.99598
ZtyqE7If,-0.47948,-0.30546,-0.34496,-0.31748,-0.84524
ZvUgz01f,-0.27867,0.11929,0.64833,-0.8951,0.98365
ZwrhgdQV,0.67262,0.095266,0.90918,1.389,-0.81713
a7bhJGBU,1.9472,-0.19497,1.5674,0.79999,-1.0898
aHpv6KzP,3.3946,-0.11926,2.206,1.1494,-1.2632
aINzEBVN,-0.24515,-0.23145,-0.70911,-0.48394,-0.84812
aP9EtTGF,2.6949,-0.45734,2.1607,-0.21963,-1.0734
aV6EhtSL,-0.49157,-0.011296,-0.29833,-0.53093,-0.33224
aVZsXKoH,1.872,-0.1402,2.0257,-0.3553,-0.98198
aYVnVJvc,0.13977,0.17115,0.26819,0.53944,-1.1112
abCzN1zx,-0.44122,-0.42616,-1.2099,0.44959,-0.99204
ae7sMiB4,-0.29628,0.27696,0.12603,-0.2521,-0.3285
afsVuCGV,-0.61986,0.062328,-0.53766,0.36835,0.23229
aiwBQETI,-0.0036222,-0.057611,0.18025,-0.051355,-0.90492
aiyli4EI,1.9563,2.371,1.6971,1.7984,-0.78303
apJ7NmzD,2.2082,0.32098,2.2167,0.018997,-0.89168
atVjNMtQ,-0.16453,-0.28819,-0.89281,1.1859,-1.4078
b5GirVGV,-0.37616,-0.44571,-0.22745,-0.68089,0.25175
b9SpMjNB,-0.22104,0.41043,0.20676,-0.12414,0.85172
bAFs37yy,-0.46001,-0.20451,-0.19148,-0.75726,0.78195
bDia1hHV,-0.63252,-0.43519,-0.28802,-0.13198,-0.83068
bFkv5Mtr,-0.1373,0.39673,0.095869,0.37513,-0.20636
bHe2IXgA,-0.31744,-0.31294,-1.1944,1.5076,-1.3184
bWX3vUm5,-0.046525,0.043142,0.07525,0.18142,-0.96961
bat8tcGs,-0.15595,-0.7186,-0.33668,-0.15731,-1.1468
bfjej4wu,-0.47198,-0.11484,-0.79151,0.22399,-1.069
bh04YDiP,-0.40039,-0.47924,-0.44755,0.02983,-0.33232
c110Fdc8,-0.37235,-0.15258,-0.28408,-0.45963,0.27256
c32GUzMa,-0.42005,0.43749,-0.97603,0.1923,0.45858
cT6uU0B0,-0.32126,-0.22935,-0.60822,-0.23739,0.75323
cWXCiFwh,-0.58041,0.18182,-0.59137,-0.32504,-0.41261
ceNvS3yd,-0.41553,-0.073149,-1.117,-0.036846,0.12495
cmwdt4Av,1.5475,0.10522,1.5611,0.20233,-1.0873
cn4EHsup,-0.2462,-0.18124,-1.0648,0.047294,-0.34493
crVOGGTT,-0.2944,-0.18471,-0.045803,-0.63303,0.56713
csPEJ1E5,-0.42229,-0.15293,-0.29066,-0.57276,-0.35209
d0UrRtMk,-0.51636,0.10185,-0.61919,-0.81974,1.5158
d6LU4G4I,-0.27724,-0.052303,-0.70994,0.44331,-0.31637
d74T1DVv,-0.41734,-0.33372,-1.1052,1.7281,-0.93255
dR6rM1tQ,-0.11314,-0.58417,0.12271,-0.1664,-1.1071
dUNxOoqg,-0.37537,-0.15281,-1.0229,0.6218,-0.74464
dUnlyhj7,0.34599,0.1175,1.2688,-0.68029,-0.027939
dVDlnZQ6,-0.22988,-0.13558,-0.84627,0.40147,-1.1319
dVT26GDu,-0.32025,-0.32172,-0.22912,-0.52785,0.4279
de43ycXY,0.33216,0.69109,1.1844,-0.86475,-0.37362
dfIn7m9z,-0.57991,-0.41041,-0.87638,-0.26762,-0.42572
dhmb9ZY9,3.1806,0.12765,2.0258,1.0116,-1.1419
dn8kCuyf,-0.38503,-0.065835,-0.58198,-0.50124,0.49273
dpcquvWW,-0.48699,-0.45612,-0.49587,-0.49749,-0.17185
dqcbIMyr,-0.58706,0.13308,-1.192,-0.24399,-0.076229
drWgsBf5,-0.44411,0.14768,-0.6415,0.27316,-0.71886
dytx0HSe,-0.60566,0.053309,-1.0014,-0.74329,1.2836
e4KkkIha,1.4507,1.247,2.0687,-0.50242,-0.64988
e9YorH4m,-0.14578,0.15717,0.25104,-0.87173,0.4378
eB9gVQ0R,-0.015414,0.41179,0.059588,-0.53889,0.60461
eMhLFqU6,-0.38723,0.092858,-1.1761,0.22856,0.11879
eMllg1qm,0.35291,1.1207,0.72423,0.075227,-0.66784
eNPunZ9i,-0.27076,0.1363,-1.0605,0.70779,0.0091878
eS5BSM4J,-0.52289,-0.061426,-0.33086,-0.69839,1.2799
eVGMFoOI,-0.16884,0.12927,0.31968,-0.88643,0.50751
eaIwb3rG,-0.26162,0.8584,0.1956,-0.20229,1.0951
eyzw8Vis,-0.40091,0.21905,-0.13307,-0.4119,1.2773
f04Ke2bN,-0.25004,-0.026228,-0.61727,0.051472,0.16879
f4GA0te1,-0.52153,-0.19001,-0.36456,-0.68075,0.1756
f7bd91h5,-0.49395,-0.1654,-0.21938,-0.81169,1.1016
fB7z9ndr,-0.2672,0.34616,0.53545,-0.49925,1.1915
fEe7AWFA,-0.45369,-0.37287,0.014995,-0.36388,-0.8169
fJJIbgY9,0.32589,0.86624,1.1768,-0.5878,-0.70711
fQBURMvg,-0.4262,0.14754,-0.16873,-0.45454,1.0366
fS0HpOub,-0.46743,-0.2667,-0.26788,-0.54538,0.33336
fTDXauuk,0.47594,-0.041251,1.0016,-0.57431,-0.76082
favPNA2N,-0.21555,0.58096,-0.65476,0.56994,0.31073
g3Fv0U4k,-0.1898,-0.17848,-0.9915,0.92672,-0.72
g5PKo2E2,0.12002,-0.075426,0.88488,-0.090063,-0.42935
gbjnD5fe,-0.34513,-0.56295,-0.50377,-0.65155,0.22477
ge9zqXCv,-0.45378,-0.32199,-0.73668,0.28003,-0.93129
geeqJpSE,-0.44152,-0.10835,-0.057727,-0.72032,0.78975
gqy1J2RS,0.094588,-0.031567,0.57944,0.16025,-0.87994
grlUtS3H,-0.061997,-0.0043973,-0.33939,0.62792,-0.5702
gx965KYj,-0.33777,-0.048703,-0.22132,0.17037,-0.43115
h3F08Vjm,-0.40988,-0.061988,-0.00072015,-0.55409,1.1743
h6FQG8Iy,-0.23221,0.47175,0.66572,-0.53532,0.95315
h7ftM8b3,1.638,0.36757,1.6875,-0.1877,-1.1834
hLrCHXZv,0.058758,-0.11701,0.36713,0.085572,-0.9671
hQ6VBuFx,-0.03773,0.50525,0.022277,-0.44419,0.62582
hYoR2y7w,-0.46889,0.2279,-0.44517,-0.14852,-0.80048
hf65yZkM,0.3626,0.44574,0.30661,1.2416,-1.041
hjuwe1x4,-0.26911,-0.074005,0.34229,-0.35861,0.17207
hyINlsFR,-0.11296,0.82869,-0.18318,0.3074,0.58939
i0Qlm9Bv,-0.48426,-0.0022084,0.18238,-0.55098,0.82981
i1VxfxMb,-0.50627,-0.078042,-0.09537,-0.55559,1.0245
i2l6jXNP,-0.42979,-0.12127,-1.0586,-0.21134,0.20872
i4FgPZv7,-0.41414,0.29207,0.16663,-0.69082,1.1424
i7XtIkSi,-0.67175,0.097823,-0.48925,-0.43771,-0.37273
i9z346Ut,-0.25642,0.16682,-0.61416,0.88414,0.54873
iDOat4cZ,2.1349,0.67338,2.0909,-0.18299,-1.0535
iNv6RoSO,-0.13642,-0.0028377,0.080975,-0.04283,0.16678
iSL9NYzy,3.6985,-0.24461,2.0239,2.058,-1.1014
iSqVc1r8,0.14472,1.115,1.1331,-0.77287,-0.35386
iYZMftt6,-0.69283,-0.37839,-0.37357,-0.53389,-0.74019
ieTPaa3c,-0.34542,0.031264,-0.96743,-0.12588,-0.36404
if7BmzU0,-0.43579,-0.12659,-0.093548,-0.72716,0.83402
ihNz5bmx,-0.13968,0.096128,-0.59553,0.38692,-0.59921
ikJXKdIN,-0.49652,-0.19747,-0.64769,-0.85871,0.50775
iq2kxikN,-0.056486,-0.19296,-0.19211,-0.1064,-1.0242
iuZEDJK7,-0.53934,-0.20077,-0.52539,-0.60797,0.57859
iyF8gVT7,-0.42448,0.15705,0.0032046,-0.56118,1.3636
j06qdQ0V,-0.40039,-0.43567,-0.40655,-0.3575,0.12975
j7hl8svO,-0.46268,-0.058101,-0.40609,-0.14197,-0.86449
j8hMoJUN,-0.43346,0.058525,-0.72422,-0.68151,-0.25939
jNaFasbV,-0.47912,-0.58801,-1.3653,0.68288,-0.90334
jVVHeYHT,-0.547,0.15896,0.58772,-0.66087,0.96567
jXm4ySvK,-0.39958,0.072652,-0.17505,-0.36758,0.59895
juO5ii5l,-0.3059,0.502,0.65298,-0.67811,0.33812
k2hdEBsU,-0.49142,-0.25679,-0.17493,-0.76586,1.2424
k3ynMfhN,0.085744,0.78172,1.3014,-0.40835,0.83227
k9C9yBtr,0.026871,-0.075625,0.31895,0.22894,-0.94858
kAKRvcRo,-0.36089,-0.16045,-0.7357,0.603,-1.0097
kBi3R2oC,-0.41257,-0.18339,-0.0014485,-0.44496,-0.35339
kDWmnsXe,-0.19401,-0.22537,0.37345,-0.45058,-0.064642
kSGBd2Vh,-0.39825,-0.22599,-0.0072325,-0.66641,0.53595
kT0miHPT,-0.45592,-0.43072,-0.62826,-0.48312,0.11512
kaW0TfRn,-0.3564,-0.46103,-0.091482,-0.54829,0.09563
kmg3SowO,-0.23588,-0.13955,-0.99865,0.43727,-0.45528
kpxKSlnF,2.2573,0.25152,2.0606,1.1506,-0.36406
ku2cn1MV,0.71637,1.2864,1.4654,-0.20475,-0.23567
l1su5HU9,-0.45779,-0.19605,-0.13875,-0.41488,0.27658
l8Tg2RvD,-0.42045,0.5911,0.8235,-0.57407,0.7273
lB6NsVOc,-0.45381,-0.30752,-0.066363,-0.77766,1.1067
lEcdVyKk,-0.53616,0.079985,-0.66186,-0.57463,1.1692
lH4TasGl,0.026399,0.0071198,0.78436,-0.82352,-0.48479
lO9aggHW,-0.12424,0.36883,0.34517,0.33951,-0.082116
lW3m9Vzu,-0.60869,-0.37811,-0.47786,-0.31772,-0.30502
lYLseGDP,0.2349,-0.24418,0.16044,-0.39936,0.01234
lcOnCdZi,-0.33654,0.45526,0.79684,-0.88645,-0.25297
le9YGwON,-0.20563,-0.13694,0.094733,-0.18452,-0.26657
llMvu3TX,2.0414,-0.11929,2.8328,-0.63107,-0.3314
lnHh2jFO,0.11698,0.42962,1.4177,-0.95225,-0.16722
m07CVXd4,-0.32772,0.23023,0.76492,-0.81431,1.1923
m1lPk91z,-0.32262,-0.20446,0.34102,-0.77511,1.1323
m9IQdmwa,-0.44622,-0.19107,-0.34073,-0.60709,0.59692
mG9BRy5x,-0.40912,0.11395,-0.3411,-0.23375,0.14816
mVHXnama,-0.25384,-0.3607,-0.7902,-0.48829,-0.77967
mXyrR6nU,-0.51297,0.0039183,-0.68465,-0.46901,0.60432
mbzNdxNc,-0.44648,-0.2089,-0.52216,0.20618,-0.43352
mntH7g3L,0.10063,0.73363,1.1587,-0.90782,-0.1979
msRTXP3H,-0.36443,-0.26155,0.019228,-0.17785,0.46878
mxBjvIPR,-0.44373,-0.36877,-0.35344,-0.6367,0.19372
n8Opmfbz,1.5295,0.69286,1.7325,-0.17512,-0.4747
nOkgU29Q,-0.0034848,-0.23937,-0.85316,0.66774,-0.96094
nhttf7VM,0.066807,1.3582,0.98048,-0.08104,0.061266
njLbXYa3,-0.33727,-0.25851,-0.38527,-0.44323,-0.62929
nwkIpzmh,0.46019,0.56958,1.2478,-0.29374,-0.37041
nzB1R9Zg,0.14664,0.072202,1.0481,-0.85773,-0.016158
o1rZRI84,-0.5114,0.050817,-0.52736,-0.46419,-0.27092
o7q5Mbty,-0.40624,-0.32417,-0.21657,-0.3254,-0.99036
oCBvysqB,-0.61941,0.10903,-0.51076,-0.46404,-0.38735
oDmycTPH,-0.43924,-0.30499,-0.32796,-0.83211,1.011
oFAXZvQv,-0.62091,0.12594,-0.47295,-0.32519,-0.20209
oHE3M1zX,-0.072774,0.21094,-0.58911,1.1323,-0.031634
oMhVmSpV,-0.74033,0.018572,-0.66067,-0.62355,-0.43296
oNsDqVbi,0.14002,0.84559,1.2107,-0.70785,-0.4362
oYAJqQk8,-0.39266,-0.31916,-0.55462,-0.95768,0.14791
ob5Kb6dW,-0.57669,0.060373,-0.82371,-0.60413,1.1777
obnzqs79,-0.39807,-0.29722,-0.91995,-0.58703,-0.46993
oncLcgRP,-0.40214,-0.3358,-0.92791,-0.19453,-0.36106
ooWVYaAe,-0.21817,-0.133,-0.93573,0.99045,-1.1549
osdyOUnV,-0.31509,0.26479,-1.2928,0.57564,0.025316
p7H9CzCv,-0.17862,-0.37207,-1.0668,0.95595,-0.73508
p7U9hVhY,-0.46022,0.037981,-0.50613,-0.55326,0.80142
pE6Cf1RV,-0.38209,0.46598,0.46526,-0.59152,0.8981
pI7qzotI,0.030983,0.34339,-0.054992,0.23675,-0.56802
pJrIA4sk,-0.35356,-0.50566,-0.21751,-0.51074,-0.076766
pXne2CLZ,-0.18363,-0.44391,-0.6494,0.88623,-0.97931
pZMcDIOS,-0.42755,-0.36083,-0.49596,-0.69281,0.5579
pavfp3cc,0.18073,-0.21513,0.92545,0.026817,-0.84578
pbQdC5L3,-0.56657,-0.3556,-0.62312,-0.60396,0.11107
pgj7aAFP,-0.22664,-0.24681,-0.013941,-0.22815,0.32033
pxg8G3ed,-0.17098,0.75763,-0.032648,-0.16568,0.78979
q36Npk6l,-0.47181,-0.14463,-0.55316,-0.76707,0.81035
q4aDOVvq,0.42262,0.86702,0.85762,0.15428,-0.84221
qGmfR9CN,-0.16618,-0.31361,-0.89044,1.0513,-0.74082
qJ51ODpA,-0.33908,-0.17293,-1.1553,0.47687,-0.42674
qQX3cs3I,-0.21984,0.94716,0.84896,-0.67687,0.21699
qXeIxPb8,-0.49947,-0.040251,-0.3893,-0.44568,0.78006
qYQ4MShM,0.054771,0.19532,-0.031793,0.20615,-1.0279
qa0etnhK,0.079118,-0.038282,0.27377,0.098475,-0.73806
qbL4sboq,-0.57558,0.46599,-0.34962,-0.58861,0.72841
qbYrsWHq,1.0495,1.1749,2.0523,-0.15175,-0.35667
r1zmcUqQ,0.52442,0.49428,0.9979,-0.68772,-0.59618
r54iHeQC,-0.36045,-0.082678,0.076363,-0.58832,0.76073
r6xrAnQV,3.6732,0.17911,2.2127,0.24009,-0.28946
r9HxnQDg,-0.14631,0.11124,0.77653,-0.24241,0.72826
rG8Puuf9,0.85388,0.015305,1.1132,0.22863,-0.90907
rGuiefuR,-0.50532,-0.43368,-1.0544,0.27798,-0.94714
rJ19OhGP,-0.4973,0.2265,-0.48917,-0.52279,1.2602
rOCYepHd,0.1256,0.44134,0.94818,-0.4599,-0.19326
rQJaOPFI,-0.062717,-0.13442,0.62519,-0.31788,-0.097869
rQhZtZeh,-0.17597,0.5317,0.93537,-0.57787,1.0793
rapmok0w,-0.24798,0.59616,-1.2984,0.74931,-0.1095
rgzfnPVu,-0.43208,0.26142,0.79368,-0.7717,0.27804
ri4qhb1S,-0.4953,-0.26016,-0.4195,-0.5873,0.19864
rqpFYzff,-0.49628,-0.079542,-0.40005,-0.66079,0.31939
rrs22coX,-0.34912,0.14077,0.28765,-0.34506,1.115
sEeUCQLc,-0.64631,-0.032865,-0.954,-0.37033,0.63533
sHScwqQl,-0.36125,0.24692,0.4748,-0.66424,1.285
sNC7DiAt,-0.39766,-0.12279,-0.23861,-0.64504,0.88941
sNK2TSs3,-0.31112,0.19861,0.44515,-0.36688,0.9742
sO7Su6uw,-0.29456,0.2524,-1.3356,0.20162,-0.045855
sOWZx89o,-0.6699,-0.24714,-1.1396,-0.62922,1.1853
sPbRcPjC,-0.10936,-0.01732,0.13723,0.22809,-0.77236
scVUfTKI,-0.088403,0.39897,0.12568,1.3293,-0.6726
seRaGeVv,-0.63611,-0.034633,-0.25785,-0.42774,0.7925
sgtwiYWi,-0.43944,-0.14305,-1.1192,-0.089822,-0.27945
sjmLHcT6,-0.55778,-0.21887,-0.55576,-0.63036,-0.039954
skZUZZGS,-0.31142,-0.11061,0.026224,-0.43284,0.25341
suAmzADX,-0.43025,-0.24138,-0.99877,1.5401,-1.0465
t4GWLqlO,0.4407,0.16847,0.95928,-0.38081,-0.29313
t7gy6Jyy,0.27026,0.12616,0.93786,-0.62786,-0.1071
tBadzH60,2.2025,0.15284,2.3824,-0.11953,-0.68733
tXUWm0hp,-0.21051,-0.30601,-0.36963,0.58051,-0.5835
te6UPPxf,-0.69102,0.065804,-0.53995,-0.3313,-0.58329
ti2lamkL,0.22073,0.41151,0.69131,-0.27307,-0.19681
tr0lpwuU,-0.1467,-0.18912,-0.69976,1.8309,-1.3305
ttdB5C73,-0.44446,0.21044,-0.10163,-0.40459,0.67798
twS8YZu9,-0.29333,0.12404,-0.42036,-0.38611,-0.026719
tx68W34H,-0.56791,-0.42532,-1.327,1.0559,-0.76896
tyQSX4mY,-0.28956,0.093388,0.45642,-0.70829,0.27544
tylKCRc0,-0.40218,-0.39854,-0.40992,-0.46917,0.30694
u1544WUo,-0.42178,0.032204,-0.73358,-0.5237,0.34584
uAw9an0d,0.19223,0.21007,0.38626,-0.16581,-0.25651
uLZAEXMG,2.5486,-0.17487,1.9208,0.079969,-1.1557
uMwe1s7I,-0.29703,-0.67257,-0.68184,0.51843,-0.80739
ufhGeV3q,-0.52822,-0.19098,-0.54538,-0.56707,0.388
uhAeGBHo,-0.1698,-0.48016,-1.2648,0.73133,-0.78702
ujHNlqpw,1.1166,1.2167,1.2346,0.091806,-1.0196
ulV6kuhB,-0.33571,0.0022603,0.049733,-0.41712,0.52676
uohEnNEK,-0.36531,-0.065092,-0.85593,0.87954,-1.0485
v1lhA8I4,-0.45176,-0.14487,0.38176,-0.66671,1.4226
v3JzigLI,-0.47029,-0.22449,-0.76041,-0.76602,-0.021495
v5IwjyIg,-0.46473,-0.10063,-0.58393,-0.26875,-0.90049
v6lp5TK1,-0.31663,-0.042828,0.56537,-0.7661,1.1914
v8vOaaWq,-0.34857,-0.23512,-1.0961,0.10311,0.13489
vAYKtoil,-0.58395,0.03975,-0.58161,-0.3046,-0.71638
vGTNQa6G,2.8184,0.087858,2.1631,1.4499,-0.44168
vQzNxHoL,-0.44829,0.21009,-0.41387,-0.57932,-0.62166
vfZGBUJm,-0.12604,-0.1075,0.018032,-0.04155,-0.51233
vlooVUoT,-0.058364,0.090968,-0.41504,1.055,-0.84567
vrACvd4O,-0.37078,-0.3301,-0.24259,-0.34254,-0.41181
w8hdjLwb,-0.51033,0.0020263,-0.0036512,-0.65132,0.99028
wAntv4gH,0.1908,0.86366,1.8222,-0.74729,0.50481
wIUL09q0,-0.48302,-0.27029,-1.0609,-0.72164,-0.08953
wOzx7Fgz,-0.26542,-0.45499,-0.10816,-0.51724,-0.12792
wPhjhCJQ,-0.50615,0.13799,-0.62304,-0.56982,1.3482
wQSWWmYB,-0.40455,-0.06121,-0.40066,-0.40344,0.4965
wdIMrXwy,1.9019,0.085165,2.6932,-0.51644,-0.48258
wiL9npQc,-0.55806,-0.097808,-0.60617,-0.72276,0.87935
wnU95Cxn,1.611,0.81625,1.9331,-0.49339,-0.90816
wpJbbjJs,0.10352,1.3838,0.92347,-0.20283,-0.12656
wsOWTAbI,1.2284,-0.058556,1.091,1.7148,-0.91581
wtdBcU3U,-0.31528,-0.025752,-0.52751,-0.81097,-0.20172
wuKXVxOc,-0.47505,0.14423,-0.688,-0.2746,0.61422
wyzadAt8,-0.49114,-0.23037,-0.66997,-0.56337,0.84574
wzaKzYwi,-0.083887,-0.35191,0.44892,-0.7786,0.75912
x6GCk4EV,-0.33962,-0.044066,-0.20869,-0.44239,0.395
x6lUi3vf,0.013978,-0.37529,-0.045238,0.3787,-1.2692
x8mwDHv9,-0.409,-0.1908,-0.21581,-0.33923,-0.1352
xIYm6puH,0.88028,1.0981,0.28664,0.87435,-1.2354
xO6UdpsK,0.6239,1.0245,0.76226,-0.31511,-1.1129
xQ2bkOvj,-0.24755,-0.4451,-0.60769,0.32173,-0.89633
xeXyDCEQ,2.8817,-0.11534,1.8632,1.2772,-1.3117
xrggHziO,-0.30669,-0.166,0.42591,-0.66025,-0.09159
y1WMCmqQ,-0.42791,-0.21556,-0.60943,-0.46341,0.028782
yDngezhM,-0.27202,-0.042029,-0.49437,-0.76114,-0.35425
yLiFjMD0,-0.35145,-0.20253,-0.054442,-0.69191,0.52379
ySwEBO7w,-0.61137,-0.018942,-0.55359,-0.15932,-0.80919
ydC9UsSm,-0.18485,-0.16392,-0.98877,0.54309,0.018301
ydEG4VBd,-0.49465,0.065144,-0.88255,-0.36625,0.57285
yf76yWXc,-0.22609,0.94018,1.1693,-0.67551,-0.29908
yg70e63n,-0.59124,-0.050383,-0.62415,-0.26122,-0.44949
ywxtlSKv,-0.58512,-0.33168,-0.62605,-0.47941,-0.15618
yzKPQPOR,-0.20644,-0.56793,-0.57411,0.062929,-0.68296
z5cnOnZ1,-0.26302,-0.25939,-0.34212,-0.48119,-0.61467
zFLkOE0e,0.045722,0.11953,0.51596,0.4829,-0.95763
zGi72mxL,-0.71375,-0.30611,-0.477,-0.30051,-0.82192
zN925UV3,-0.35157,-0.037087,-0.70488,0.71277,-0.94072
zTy2ih7e,-0.47614,0.30331,-0.84804,-0.37903,0.65683
zVFzAutw,-0.28113,-0.19036,-0.15186,-0.44566,0.42499
zYxNAkht,-0.51808,-0.25993,-0.74848,-0.67643,0.31781
zaWDBai3,-0.27717,0.4906,-0.24565,-0.24425,1.3884
zg3u0Zsx,-0.39615,0.43286,-0.15197,0.025955,-0.099713
zlwLfdsS,-0.48479,-0.52851,-0.72114,1.3397,-1.1553
zmbKzVfl,-0.3969,0.13894,-1.2927,0.35631,0.10216
